0 1
2 8ea164dc
3 6ca29206
4 f5fba759
5 5737649c
134 8ea164dc
135 6ca29206
136 f5fba759
137 5737649c
266 1
267 2
268 1000001
269 1000101
270 1010101
271 1010100
400 1000001
401 1000101
402 1010101
403 1010100
532 41
533 0
534 0
535 0
664 41
665 0
666 0
667 0
1186 63
1727 63
2267 83
2807 63
3481 fb
4021 ec
4561 93
5101 aa
5775 ce
6315 dc
6855 e9
7395 99
8069 86
8609 1e
9149 61
9689 74
10363 72
10903 ef
11443 96
11983 19
12657 64
13197 59
13737 e2
14277 63
14951 d5
15491 a3
16031 c4
16571 7a
17245 d2
17785 d8
18325 3a
18865 cf
19539 b4
20079 39
20619 2d
21159 86
21839 d5
22379 7
22919 7a
23459 79
24279 7c
24819 7c
25359 7c
25899 7c
26439 7c
26979 7c
27519 63
28059 63
28599 7c
29139 7c
29679 7c
30219 63
30759 63
31299 7c
31839 7c
32379 9
33895 7f
34435 75
34975 75
35515 72
36055 2
36595 c0
37135 fd
37675 c0
38215 d0
38755 16
39295 e1
39835 16
40375 e6
40915 fd
41455 63
41995 58
43511 17
44051 16
44591 c5
45131 9f
45671 2b
46211 49
46751 68
47291 2e
47831 b
48371 6f
48911 77
49451 2
49991 35
50531 1
51071 5c
51611 79
53127 ac
53667 2b
54207 57
54747 32
55287 5
55827 d6
56367 d5
56907 41
57447 25
57987 84
58527 5f
59067 85
59607 6
60147 ba
60687 9
61227 b
62743 d3
63283 b4
63823 4e
64363 45
64903 65
65443 2d
65983 25
66523 6c
67063 83
67603 f0
68143 7c
68683 58
69223 20
69763 16
70303 c0
70843 8c
72359 17
72899 e4
73439 c3
73979 59
74519 26
75059 33
75599 64
76139 e8
76679 17
77219 7a
77759 a3
78299 2a
78839 7c
79379 d4
79919 c0
80459 2d
81975 fe
82515 a2
83055 ba
83595 9e
84135 cb
84675 97
85215 86
85755 28
86295 98
86835 9
87375 6f
87915 32
88455 95
88995 eb
89535 32
90075 49
91591 76
92131 5
92671 44
93211 6b
93751 7f
94291 97
94831 bc
95371 6e
95911 1b
96451 86
96991 2e
97531 eb
98071 5b
98611 f8
99151 13
99691 7a
101207 36
101747 f2
102287 be
102827 72
103367 1f
103907 45
104447 bf
104987 3e
105527 fd
106067 6d
106607 b6
107147 3c
107687 eb
108227 de
108767 67
109307 46
110823 25
111363 77
111903 9d
112443 d0
112983 13
113523 89
114063 8f
114603 a5
115143 a1
115683 6f
116223 21
116763 f7
117303 52
117843 4a
118383 2d
118923 88
119607 63
120147 63
120687 83
121227 63
121901 fb
122441 ec
122981 93
123521 aa
124195 ce
124735 dc
125275 e9
125815 99
126489 86
127029 1e
127569 61
128109 74
128783 72
129323 ef
129863 96
130403 19
131077 64
131617 59
132157 e2
132697 63
133371 d5
133911 a3
134451 c4
134991 7a
135665 d2
136205 d8
136745 3a
137285 cf
137959 b4
138499 39
139039 2d
139579 86
140259 d5
140799 7
141339 7a
141879 79
142699 7c
143239 7c
143779 7c
144319 7c
144859 7c
145399 7c
145939 63
146479 63
147019 7c
147559 7c
148099 7c
148639 63
149179 63
149719 7c
150259 7c
150799 9
152315 7f
152855 75
153395 75
153935 72
154475 2
155015 c0
155555 fd
156095 c0
156635 d0
157175 16
157715 e1
158255 16
158795 e6
159335 fd
159875 63
160415 58
161931 17
162471 16
163011 c5
163551 9f
164091 2b
164631 49
165171 68
165711 2e
166251 b
166791 6f
167331 77
167871 2
168411 35
168951 1
169491 5c
170031 79
171547 ac
172087 2b
172627 57
173167 32
173707 5
174247 d6
174787 d5
175327 41
175867 25
176407 84
176947 5f
177487 85
178027 6
178567 ba
179107 9
179647 b
181163 d3
181703 b4
182243 4e
182783 45
183323 65
183863 2d
184403 25
184943 6c
185483 83
186023 f0
186563 7c
187103 58
187643 20
188183 16
188723 c0
189263 8c
190779 17
191319 e4
191859 c3
192399 59
192939 26
193479 33
194019 64
194559 e8
195099 17
195639 7a
196179 a3
196719 2a
197259 7c
197799 d4
198339 c0
198879 2d
200395 fe
200935 a2
201475 ba
202015 9e
202555 cb
203095 97
203635 86
204175 28
204715 98
205255 9
205795 6f
206335 32
206875 95
207415 eb
207955 32
208495 49
210011 76
210551 5
211091 44
211631 6b
212171 7f
212711 97
213251 bc
213791 6e
214331 1b
214871 86
215411 2e
215951 eb
216491 5b
217031 f8
217571 13
218111 7a
219627 36
220167 f2
220707 be
221247 72
221787 1f
222327 45
222867 bf
223407 3e
223947 fd
224487 6d
225027 b6
225567 3c
226107 eb
226647 de
227187 67
227727 46
229243 25
229783 77
230323 9d
230863 d0
231403 13
231943 89
232483 8f
233023 a5
233563 a1
234103 6f
234643 21
235183 f7
235723 52
236263 4a
236803 2d
237343 88
