0 1
2 8ea164dc
3 6ca29206
4 f5fba759
5 5737649c
134 8ea164dc
135 6ca29206
136 f5fba759
137 5737649c
266 8ea164dc
267 6ca29206
268 f5fba759
269 5737649c
398 8ea164dc
399 6ca29206
400 f5fba759
401 5737649c
530 1
531 2
532 1
533 2
534 1000001
535 1000101
536 1010101
537 1010100
666 1000001
667 1000101
668 1010101
669 1010100
798 1000001
799 1000101
800 1010101
801 1010100
930 1000001
931 1000101
932 1010101
933 1010100
1062 41
1063 0
1064 0
1065 0
1194 41
1195 0
1196 0
1197 0
1326 41
1327 0
1328 0
1329 0
1458 41
1459 0
1460 0
1461 0
2116 63
2657 63
3197 83
3737 63
4411 fb
4951 ec
5491 93
6031 aa
6705 ce
7245 dc
7785 e9
8325 99
8999 86
9539 1e
10079 61
10619 74
11293 72
11833 ef
12373 96
12913 19
13587 64
14127 59
14667 e2
15207 63
15881 d5
16421 a3
16961 c4
17501 7a
18175 d2
18715 d8
19255 3a
19795 cf
20469 b4
21009 39
21549 2d
22089 86
22769 d5
23309 7
23849 7a
24389 79
25209 7c
25749 7c
26289 7c
26829 7c
27369 7c
27909 7c
28449 63
28989 63
29529 7c
30069 7c
30609 7c
31149 63
31689 63
32229 7c
32769 7c
33309 9
34825 7f
35365 75
35905 75
36445 72
36985 2
37525 c0
38065 fd
38605 c0
39145 d0
39685 16
40225 e1
40765 16
41305 e6
41845 fd
42385 63
42925 58
44441 17
44981 16
45521 c5
46061 9f
46601 2b
47141 49
47681 68
48221 2e
48761 b
49301 6f
49841 77
50381 2
50921 35
51461 1
52001 5c
52541 79
54057 ac
54597 2b
55137 57
55677 32
56217 5
56757 d6
57297 d5
57837 41
58377 25
58917 84
59457 5f
59997 85
60537 6
61077 ba
61617 9
62157 b
63673 d3
64213 b4
64753 4e
65293 45
65833 65
66373 2d
66913 25
67453 6c
67993 83
68533 f0
69073 7c
69613 58
70153 20
70693 16
71233 c0
71773 8c
73289 17
73829 e4
74369 c3
74909 59
75449 26
75989 33
76529 64
77069 e8
77609 17
78149 7a
78689 a3
79229 2a
79769 7c
80309 d4
80849 c0
81389 2d
82905 fe
83445 a2
83985 ba
84525 9e
85065 cb
85605 97
86145 86
86685 28
87225 98
87765 9
88305 6f
88845 32
89385 95
89925 eb
90465 32
91005 49
92521 76
93061 5
93601 44
94141 6b
94681 7f
95221 97
95761 bc
96301 6e
96841 1b
97381 86
97921 2e
98461 eb
99001 5b
99541 f8
100081 13
100621 7a
102137 36
102677 f2
103217 be
103757 72
104297 1f
104837 45
105377 bf
105917 3e
106457 fd
106997 6d
107537 b6
108077 3c
108617 eb
109157 de
109697 67
110237 46
111753 25
112293 77
112833 9d
113373 d0
113913 13
114453 89
114993 8f
115533 a5
116073 a1
116613 6f
117153 21
117693 f7
118233 52
118773 4a
119313 2d
119853 88
120537 63
121077 63
121617 83
122157 63
122831 fb
123371 ec
123911 93
124451 aa
125125 ce
125665 dc
126205 e9
126745 99
127419 86
127959 1e
128499 61
129039 74
129713 72
130253 ef
130793 96
131333 19
132007 64
132547 59
133087 e2
133627 63
134301 d5
134841 a3
135381 c4
135921 7a
136595 d2
137135 d8
137675 3a
138215 cf
138889 b4
139429 39
139969 2d
140509 86
141189 d5
141729 7
142269 7a
142809 79
143629 7c
144169 7c
144709 7c
145249 7c
145789 7c
146329 7c
146869 63
147409 63
147949 7c
148489 7c
149029 7c
149569 63
150109 63
150649 7c
151189 7c
151729 9
153245 7f
153785 75
154325 75
154865 72
155405 2
155945 c0
156485 fd
157025 c0
157565 d0
158105 16
158645 e1
159185 16
159725 e6
160265 fd
160805 63
161345 58
162861 17
163401 16
163941 c5
164481 9f
165021 2b
165561 49
166101 68
166641 2e
167181 b
167721 6f
168261 77
168801 2
169341 35
169881 1
170421 5c
170961 79
172477 ac
173017 2b
173557 57
174097 32
174637 5
175177 d6
175717 d5
176257 41
176797 25
177337 84
177877 5f
178417 85
178957 6
179497 ba
180037 9
180577 b
182093 d3
182633 b4
183173 4e
183713 45
184253 65
184793 2d
185333 25
185873 6c
186413 83
186953 f0
187493 7c
188033 58
188573 20
189113 16
189653 c0
190193 8c
191709 17
192249 e4
192789 c3
193329 59
193869 26
194409 33
194949 64
195489 e8
196029 17
196569 7a
197109 a3
197649 2a
198189 7c
198729 d4
199269 c0
199809 2d
201325 fe
201865 a2
202405 ba
202945 9e
203485 cb
204025 97
204565 86
205105 28
205645 98
206185 9
206725 6f
207265 32
207805 95
208345 eb
208885 32
209425 49
210941 76
211481 5
212021 44
212561 6b
213101 7f
213641 97
214181 bc
214721 6e
215261 1b
215801 86
216341 2e
216881 eb
217421 5b
217961 f8
218501 13
219041 7a
220557 36
221097 f2
221637 be
222177 72
222717 1f
223257 45
223797 bf
224337 3e
224877 fd
225417 6d
225957 b6
226497 3c
227037 eb
227577 de
228117 67
228657 46
230173 25
230713 77
231253 9d
231793 d0
232333 13
232873 89
233413 8f
233953 a5
234493 a1
235033 6f
235573 21
236113 f7
236653 52
237193 4a
237733 2d
238273 88
238957 63
239497 63
240037 83
240577 63
241251 fb
241791 ec
242331 93
242871 aa
243545 ce
244085 dc
244625 e9
245165 99
245839 86
246379 1e
246919 61
247459 74
248133 72
248673 ef
249213 96
249753 19
250427 64
250967 59
251507 e2
252047 63
252721 d5
253261 a3
253801 c4
254341 7a
255015 d2
255555 d8
256095 3a
256635 cf
257309 b4
257849 39
258389 2d
258929 86
259609 d5
260149 7
260689 7a
261229 79
262049 7c
262589 7c
263129 7c
263669 7c
264209 7c
264749 7c
265289 63
265829 63
266369 7c
266909 7c
267449 7c
267989 63
268529 63
269069 7c
269609 7c
270149 9
271665 7f
272205 75
272745 75
273285 72
273825 2
274365 c0
274905 fd
275445 c0
275985 d0
276525 16
277065 e1
277605 16
278145 e6
278685 fd
279225 63
279765 58
281281 17
281821 16
282361 c5
282901 9f
283441 2b
283981 49
284521 68
285061 2e
285601 b
286141 6f
286681 77
287221 2
287761 35
288301 1
288841 5c
289381 79
290897 ac
291437 2b
291977 57
292517 32
293057 5
293597 d6
294137 d5
294677 41
295217 25
295757 84
296297 5f
296837 85
297377 6
297917 ba
298457 9
298997 b
300513 d3
301053 b4
301593 4e
302133 45
302673 65
303213 2d
303753 25
304293 6c
304833 83
305373 f0
305913 7c
306453 58
306993 20
307533 16
308073 c0
308613 8c
310129 17
310669 e4
311209 c3
311749 59
312289 26
312829 33
313369 64
313909 e8
314449 17
314989 7a
315529 a3
316069 2a
316609 7c
317149 d4
317689 c0
318229 2d
319745 fe
320285 a2
320825 ba
321365 9e
321905 cb
322445 97
322985 86
323525 28
324065 98
324605 9
325145 6f
325685 32
326225 95
326765 eb
327305 32
327845 49
329361 76
329901 5
330441 44
330981 6b
331521 7f
332061 97
332601 bc
333141 6e
333681 1b
334221 86
334761 2e
335301 eb
335841 5b
336381 f8
336921 13
337461 7a
338977 36
339517 f2
340057 be
340597 72
341137 1f
341677 45
342217 bf
342757 3e
343297 fd
343837 6d
344377 b6
344917 3c
345457 eb
345997 de
346537 67
347077 46
348593 25
349133 77
349673 9d
350213 d0
350753 13
351293 89
351833 8f
352373 a5
352913 a1
353453 6f
353993 21
354533 f7
355073 52
355613 4a
356153 2d
356693 88
357377 63
357917 63
358457 83
358997 63
359671 fb
360211 ec
360751 93
361291 aa
361965 ce
362505 dc
363045 e9
363585 99
364259 86
364799 1e
365339 61
365879 74
366553 72
367093 ef
367633 96
368173 19
368847 64
369387 59
369927 e2
370467 63
371141 d5
371681 a3
372221 c4
372761 7a
373435 d2
373975 d8
374515 3a
375055 cf
375729 b4
376269 39
376809 2d
377349 86
378029 d5
378569 7
379109 7a
379649 79
380469 7c
381009 7c
381549 7c
382089 7c
382629 7c
383169 7c
383709 63
384249 63
384789 7c
385329 7c
385869 7c
386409 63
386949 63
387489 7c
388029 7c
388569 9
390085 7f
390625 75
391165 75
391705 72
392245 2
392785 c0
393325 fd
393865 c0
394405 d0
394945 16
395485 e1
396025 16
396565 e6
397105 fd
397645 63
398185 58
399701 17
400241 16
400781 c5
401321 9f
401861 2b
402401 49
402941 68
403481 2e
404021 b
404561 6f
405101 77
405641 2
406181 35
406721 1
407261 5c
407801 79
409317 ac
409857 2b
410397 57
410937 32
411477 5
412017 d6
412557 d5
413097 41
413637 25
414177 84
414717 5f
415257 85
415797 6
416337 ba
416877 9
417417 b
418933 d3
419473 b4
420013 4e
420553 45
421093 65
421633 2d
422173 25
422713 6c
423253 83
423793 f0
424333 7c
424873 58
425413 20
425953 16
426493 c0
427033 8c
428549 17
429089 e4
429629 c3
430169 59
430709 26
431249 33
431789 64
432329 e8
432869 17
433409 7a
433949 a3
434489 2a
435029 7c
435569 d4
436109 c0
436649 2d
438165 fe
438705 a2
439245 ba
439785 9e
440325 cb
440865 97
441405 86
441945 28
442485 98
443025 9
443565 6f
444105 32
444645 95
445185 eb
445725 32
446265 49
447781 76
448321 5
448861 44
449401 6b
449941 7f
450481 97
451021 bc
451561 6e
452101 1b
452641 86
453181 2e
453721 eb
454261 5b
454801 f8
455341 13
455881 7a
457397 36
457937 f2
458477 be
459017 72
459557 1f
460097 45
460637 bf
461177 3e
461717 fd
462257 6d
462797 b6
463337 3c
463877 eb
464417 de
464957 67
465497 46
467013 25
467553 77
468093 9d
468633 d0
469173 13
469713 89
470253 8f
470793 a5
471333 a1
471873 6f
472413 21
472953 f7
473493 52
474033 4a
474573 2d
475113 88
