0 1
3 15
16 1
25 1
34 1
43 0
52 1
61 1
70 1
79 1
88 1
97 0
106 1
115 1
124 1
133 0
142 0
151 1
164 770
165 62409e4f15c32b1
356 770
357 0
377 bf7
378 6503da3783bdf056942ca8ee23010785bda4f0669
574 bf7
575 0
595 a89
596 31a03052d7404d02cb4cb0ce9dfca0309270a5c438f8
792 a89
793 0
814 4a4
815 880a77b65463841216159a52482cbfac9e1d66238551
1359 63
1804 59
2359 fb
2899 cb
3439 38
4033 1f
4573 7
5113 8
5589 99
6263 c5
6803 30
7343 64
7883 af
8557 4
9097 43
9637 f4
10177 bd
10851 b7
11391 95
11931 1f
12471 38
13145 58
13685 cc
14225 17
14765 9f
15439 1f
15979 c0
16519 7d
17059 7b
17733 8c
18273 d4
18813 78
19353 0
20033 bf
20573 3
21113 1f
21653 f8
22357 7c
22897 7c
23437 7c
23977 7c
24517 7c
25057 7c
25597 63
26137 63
26677 7c
27217 7c
27757 7c
28297 63
28837 63
29377 7c
29917 7c
30457 fa
31965 46
32505 75
33045 75
33585 72
34125 ee
34665 c0
35205 fd
35745 c0
36285 8d
36825 3f
37365 80
37905 3f
38445 30
38985 fd
39525 63
40065 67
41581 62
42121 63
42661 be
43201 45
43741 a7
44281 31
44821 9a
45361 4a
45901 fc
46441 b
46981 dd
47521 d2
48061 5d
48601 88
49141 2d
49681 b2
51197 bc
51737 97
52277 15
52817 6e
53357 ef
53897 ad
54437 a3
54977 cc
55517 b1
56057 8c
56597 49
57137 3d
57677 4d
58217 95
58757 5b
59297 d5
60813 58
61353 73
61893 88
62433 ce
62973 50
63513 e2
64053 b0
64593 84
65133 87
65673 a6
66213 45
66753 2b
67293 9d
67833 a
68373 6e
68913 c1
70429 53
70969 42
71509 ac
72049 dd
72589 fc
73129 8a
73669 7d
74209 3e
74749 81
75289 64
75829 8b
76369 f6
76909 22
77449 45
77989 d9
78529 c2
80045 49
80585 92
81125 c1
81665 3c
82205 d1
82745 e6
83285 8f
83825 59
84365 a8
84905 55
85445 8b
85985 ae
86525 82
87065 18
87605 90
88145 74
89661 7e
90201 ce
90741 79
91281 f6
91821 1e
92361 f0
92901 a4
93441 fd
93981 8a
94521 9d
95061 2e
95601 d
96141 ea
96681 b3
97221 d7
97761 9b
99277 2b
99817 62
100357 44
100897 bd
101437 a5
101977 8b
102517 2a
103057 d1
103597 9b
104137 7f
104677 1a
105217 37
105757 df
106297 f9
106837 ed
107377 42
108893 b1
109433 e7
109973 c7
110513 8e
111053 b9
111593 73
112133 4e
112673 92
113213 24
113753 90
114293 43
114833 c0
115373 42
115913 b4
116453 4d
116993 fe
