0 1
3 8ea164dc
4 6ca29206
5 f5fba759
6 5737649c
135 ec681c62
136 7e2e10aa
137 3e074a2c
138 e8759233
139 a9834d1c
140 509abc80
141 eb310d0a
142 40448405
143 6d406637
144 9da4ec18
145 238c721b
146 f881a995
147 e9c014f8
148 ad1bb7b4
149 6be8a736
150 cedd96be
151 55e25a14
152 fe150693
153 3ccfa61d
154 b5b320e3
155 9a404355
156 14fdd4bb
157 8088d1b9
158 3f5b7d8b
159 e731648b
160 3f21a8ed
161 51598789
162 689bf010
163 b0c86fa6
164 2a49acbc
165 34d98a2a
166 3cf550ad
167 9980867e
168 328de411
169 fa91e844
170 19fbe345
171 dd1827f1
172 b0df5ea5
173 b41a4817
174 8eb8cecc
175 9973be1b
176 e0d67c81
177 31aefd01
178 e77c50c1
179 3d753140
180 4dcf8cab
181 b8f6980f
182 a618f3bb
183 e469f485
184 e91d730e
185 f6d922a8
186 a0540bd3
187 5d3f54b9
188 4dddac9c
189 aec623e0
190 db9dfb8e
191 d1eee7bd
192 e4127ec7
193 ba756d8d
194 7f3d97a0
195 628f05fb
196 b1e549ad
197 4ca54a5f
198 a0a870b0
199 41
200 0
201 0
202 0
203 0
204 0
205 0
206 0
207 0
208 0
209 0
210 0
211 0
212 0
213 0
214 0
215 0
216 0
217 0
218 0
219 0
220 0
221 0
222 0
223 0
224 0
225 0
226 0
227 0
228 0
229 0
230 0
231 0
232 0
233 0
234 0
235 0
236 0
237 0
238 0
239 0
240 0
241 0
242 0
243 0
244 0
245 0
246 0
247 0
248 0
249 0
250 0
251 0
252 0
253 0
254 0
255 0
256 0
257 0
258 0
259 0
260 0
261 0
262 0
2311 1
2320 1
2329 1
2338 0
2347 1
2356 1
2365 1
2374 1
2383 1
2392 0
2401 1
2410 1
2419 1
2428 0
2437 0
2446 1
2455 1081
2456 0
2457 0
2458 0
2459 0
2460 0
2461 0
2462 0
2463 0
2464 0
2465 0
2466 0
2467 0
2468 0
2469 0
2470 0
2471 0
2472 0
2473 0
2474 0
2475 0
2476 0
2477 0
2478 0
2479 0
2480 0
2481 0
2482 0
2483 0
2484 0
2485 0
2486 0
2487 0
2488 0
2489 0
2490 0
2491 0
2492 0
2493 0
2494 0
2495 0
2496 0
2497 0
2498 0
2499 0
2500 0
2501 0
2502 0
2503 0
2504 0
2505 0
2506 0
2507 0
2508 0
2509 0
2510 0
2511 0
2512 0
2513 0
2514 0
2515 0
2516 0
2517 0
2518 0
2519 0
2520 0
2521 0
2522 0
2523 0
2524 0
2525 0
2526 0
2527 0
2528 0
2529 0
2530 0
2531 0
2532 0
2533 0
2534 0
2535 0
2536 0
2537 0
2538 0
2539 0
2540 0
2541 0
2542 0
2543 0
2544 0
2545 0
2546 0
2547 0
2548 0
2549 0
2550 0
2551 0
2552 0
2553 0
2554 0
2555 0
2556 0
2557 0
2558 0
2559 0
2560 0
2561 0
2562 0
2563 0
2564 0
2565 0
2566 0
2567 0
2568 0
2569 0
2570 0
2571 0
2572 0
2573 0
2574 0
2575 0
2576 0
2577 0
2578 0
2579 0
2580 0
2581 0
26714 1081
26715 0
26716 0
26717 0
26718 0
26719 0
26720 0
26721 0
26722 0
26723 0
26724 0
26725 0
26726 0
26727 0
26728 0
26729 0
26730 0
26731 0
26732 0
26733 0
26734 0
26735 0
26736 0
26737 0
26738 0
26739 0
26740 0
26741 0
26742 0
26743 0
26744 0
26745 0
26746 0
26747 0
26748 0
26749 0
26750 0
26751 0
26752 0
26753 0
26754 0
26755 0
26756 0
26757 0
26758 0
26759 0
26760 0
26761 0
26762 0
26763 0
26764 0
26765 0
26766 0
26767 0
26768 0
26769 0
26770 0
26771 0
26772 0
26773 0
26774 0
26775 0
26776 0
26777 0
26778 0
26779 0
26780 0
26781 0
26782 0
26783 0
26784 0
26785 0
26786 0
26787 0
26788 0
26789 0
26790 0
26791 0
26792 0
26793 0
26794 0
26795 0
26796 0
26797 0
26798 0
26799 0
26800 0
26801 0
26802 0
26803 0
26804 0
26805 0
26806 0
26807 0
26808 0
26809 0
26810 0
26811 0
26812 0
26813 0
26814 0
26815 0
26816 0
26817 0
26818 0
26819 0
26820 0
26821 0
26822 0
26823 0
26824 0
26825 0
26826 0
26827 0
26828 0
26829 0
26830 0
26831 0
26832 0
26833 0
26834 0
26835 0
26836 0
26837 0
26838 0
26839 0
26840 0
26841 0
26842 0
39616 800000000
39617 1000000000
39618 2000000000
39619 2000000000
39620 2000000000
39621 4000000000
39622 4000000000
39623 4000000000
39624 4000000000
39625 4000000000
39626 4000000000
39627 4000000000
39628 4000000000
39629 4000000000
39630 4000000000
39631 2000000000
39632 2000000000
39633 2000000000
39634 1000000000
39635 800000000
39636 200000000
40593 1106101
40594 0
40595 0
40596 0
40597 0
40598 0
40599 0
40600 0
40601 0
40602 0
40603 0
40604 0
40605 0
40606 0
40607 0
40608 0
40609 0
40610 0
40611 0
40612 0
40613 0
40614 0
40615 0
40616 0
40617 0
40618 0
40619 0
40620 0
40621 0
40622 0
40623 0
40624 0
40625 0
40626 0
40627 0
40628 0
40629 0
40630 0
40631 0
40632 0
40633 0
40634 0
40635 0
40636 0
40637 0
40638 0
40639 0
40640 0
40641 0
40642 0
40643 0
40644 0
40645 0
40646 0
40647 0
40648 0
40649 0
40650 0
40651 0
40652 0
40653 0
40654 0
40655 0
40656 0
40657 0
40658 0
40659 0
40660 0
40661 0
40662 0
40663 0
40664 0
40665 0
40666 0
40667 0
40668 0
40669 0
40670 0
40671 0
40672 0
40673 0
40674 0
40675 0
40676 0
40677 0
40678 0
40679 0
40680 0
40681 0
40682 0
40683 0
40684 0
40685 0
40686 0
40687 0
40688 0
40689 0
40690 0
40691 0
40692 0
40693 0
40694 0
40695 0
40696 0
40697 0
40698 0
40699 0
40700 0
40701 0
40702 0
40703 0
40704 0
40705 0
40706 0
40707 0
40708 0
40709 0
40710 0
40711 0
40712 0
40713 0
40714 0
40715 0
40716 0
40717 0
40718 0
40719 0
64788 1106101
64789 0
64790 0
64791 0
64792 0
64793 0
64794 0
64795 0
64796 0
64797 0
64798 0
64799 0
64800 0
64801 0
64802 0
64803 0
64804 0
64805 0
64806 0
64807 0
64808 0
64809 0
64810 0
64811 0
64812 0
64813 0
64814 0
64815 0
64816 0
64817 0
64818 0
64819 0
64820 0
64821 0
64822 0
64823 0
64824 0
64825 0
64826 0
64827 0
64828 0
64829 0
64830 0
64831 0
64832 0
64833 0
64834 0
64835 0
64836 0
64837 0
64838 0
64839 0
64840 0
64841 0
64842 0
64843 0
64844 0
64845 0
64846 0
64847 0
64848 0
64849 0
64850 0
64851 0
64852 0
64853 0
64854 0
64855 0
64856 0
64857 0
64858 0
64859 0
64860 0
64861 0
64862 0
64863 0
64864 0
64865 0
64866 0
64867 0
64868 0
64869 0
64870 0
64871 0
64872 0
64873 0
64874 0
64875 0
64876 0
64877 0
64878 0
64879 0
64880 0
64881 0
64882 0
64883 0
64884 0
64885 0
64886 0
64887 0
64888 0
64889 0
64890 0
64891 0
64892 0
64893 0
64894 0
64895 0
64896 0
64897 0
64898 0
64899 0
64900 0
64901 0
64902 0
64903 0
64904 0
64905 0
64906 0
64907 0
64908 0
64909 0
64910 0
64911 0
64912 0
64913 0
64914 0
64915 0
64916 0
77690 800000000
77691 1000000000
77692 2000000000
77693 2000000000
77694 2000000000
77695 4000000000
77696 4000000000
77697 4000000000
77698 4000000000
77699 4000000000
77700 4000000000
77701 4000000000
77702 4000000000
77703 4000000000
77704 4000000000
77705 2000000000
77706 2000000000
77707 2000000000
77708 1000000000
77709 800000000
77710 200000000
78657 121ce46e1c201
78658 0
78659 0
78660 0
78661 0
78662 0
78663 0
78664 0
78665 0
78666 0
78667 0
78668 0
78669 0
78670 0
78671 0
78672 0
78673 0
78674 0
78675 0
78676 0
78677 0
78678 0
78679 0
78680 0
78681 0
78682 0
78683 0
78684 0
78685 0
78686 0
78687 0
78688 0
78689 0
78690 0
78691 0
78692 0
78693 0
78694 0
78695 0
78696 0
78697 0
78698 0
78699 0
78700 0
78701 0
78702 0
78703 0
78704 0
78705 0
78706 0
78707 0
78708 0
78709 0
78710 0
78711 0
78712 0
78713 0
78714 0
78715 0
78716 0
78717 0
78718 0
78719 0
78720 0
78721 0
78722 0
78723 0
78724 0
78725 0
78726 0
78727 0
78728 0
78729 0
78730 0
78731 0
78732 0
78733 0
78734 0
78735 0
78736 0
78737 0
78738 0
78739 0
78740 0
78741 0
78742 0
78743 0
78744 0
78745 0
78746 0
78747 0
78748 0
78749 0
78750 0
78751 0
78752 0
78753 0
78754 0
78755 0
78756 0
78757 0
78758 0
78759 0
78760 0
78761 0
78762 0
78763 0
78764 0
78765 0
78766 0
78767 0
78768 0
78769 0
78770 0
78771 0
78772 0
78773 0
78774 0
78775 0
78776 0
78777 0
78778 0
78779 0
78780 0
78781 0
78782 0
78783 0
102852 46e1c201
102853 121ce
102854 0
102855 0
102856 0
102857 0
102858 0
102859 0
102860 0
102861 0
102862 0
102863 0
102864 0
102865 0
102866 0
102867 0
102868 0
102869 0
102870 0
102871 0
102872 0
102873 0
102874 0
102875 0
102876 0
102877 0
102878 0
102879 0
102880 0
102881 0
102882 0
102883 0
102884 0
102885 0
102886 0
102887 0
102888 0
102889 0
102890 0
102891 0
102892 0
102893 0
102894 0
102895 0
102896 0
102897 0
102898 0
102899 0
102900 0
102901 0
102902 0
102903 0
102904 0
102905 0
102906 0
102907 0
102908 0
102909 0
102910 0
102911 0
102912 0
102913 0
102914 0
102915 0
102916 0
102917 0
102918 0
102919 0
102920 0
102921 0
102922 0
102923 0
102924 0
102925 0
102926 0
102927 0
102928 0
102929 0
102930 0
102931 0
102932 0
102933 0
102934 0
102935 0
102936 0
102937 0
102938 0
102939 0
102940 0
102941 0
102942 0
102943 0
102944 0
102945 0
102946 0
102947 0
102948 0
102949 0
102950 0
102951 0
102952 0
102953 0
102954 0
102955 0
102956 0
102957 0
102958 0
102959 0
102960 0
102961 0
102962 0
102963 0
102964 0
102965 0
102966 0
102967 0
102968 0
102969 0
102970 0
102971 0
102972 0
102973 0
102974 0
102975 0
102976 0
102977 0
102978 0
102979 0
102980 0
115754 800000000
115755 1000000000
115756 2000000000
115757 2000000000
115758 2000000000
115759 4000000000
115760 4000000000
115761 4000000000
115762 4000000000
115763 4000000000
115764 4000000000
115765 4000000000
115766 4000000000
115767 4000000000
115768 4000000000
115769 2000000000
115770 2000000000
115771 2000000000
115772 1000000000
115773 800000000
115774 200000000
116721 13a03d2f24c78401
116722 a07bcb5a7b9c
116723 14812c1c4
116724 0
116725 0
116726 0
116727 0
116728 0
116729 0
116730 0
116731 0
116732 0
116733 0
116734 0
116735 0
116736 0
116737 0
116738 0
116739 0
116740 0
116741 0
116742 0
116743 0
116744 0
116745 0
116746 0
116747 0
116748 0
116749 0
116750 0
116751 0
116752 0
116753 0
116754 0
116755 0
116756 0
116757 0
116758 0
116759 0
116760 0
116761 0
116762 0
116763 0
116764 0
116765 0
116766 0
116767 0
116768 0
116769 0
116770 0
116771 0
116772 0
116773 0
116774 0
116775 0
116776 0
116777 0
116778 0
116779 0
116780 0
116781 0
116782 0
116783 0
116784 0
116785 0
116786 0
116787 0
116788 0
116789 0
116790 0
116791 0
116792 0
116793 0
116794 0
116795 0
116796 0
116797 0
116798 0
116799 0
116800 0
116801 0
116802 0
116803 0
116804 0
116805 0
116806 0
116807 0
116808 0
116809 0
116810 0
116811 0
116812 0
116813 0
116814 0
116815 0
116816 0
116817 0
116818 0
116819 0
116820 0
116821 0
116822 0
116823 0
116824 0
116825 0
116826 0
116827 0
116828 0
116829 0
116830 0
116831 0
116832 0
116833 0
116834 0
116835 0
116836 0
116837 0
116838 0
116839 0
116840 0
116841 0
116842 0
116843 0
116844 0
116845 0
116846 0
116847 0
140916 24c78401
140917 defab8cb
140918 4813623f
140919 1
140920 0
140921 0
140922 0
140923 0
140924 0
140925 0
140926 0
140927 0
140928 0
140929 0
140930 0
140931 0
140932 0
140933 0
140934 0
140935 0
140936 0
140937 0
140938 0
140939 0
140940 0
140941 0
140942 0
140943 0
140944 0
140945 0
140946 0
140947 0
140948 0
140949 0
140950 0
140951 0
140952 0
140953 0
140954 0
140955 0
140956 0
140957 0
140958 0
140959 0
140960 0
140961 0
140962 0
140963 0
140964 0
140965 0
140966 0
140967 0
140968 0
140969 0
140970 0
140971 0
140972 0
140973 0
140974 0
140975 0
140976 0
140977 0
140978 0
140979 0
140980 0
140981 0
140982 0
140983 0
140984 0
140985 0
140986 0
140987 0
140988 0
140989 0
140990 0
140991 0
140992 0
140993 0
140994 0
140995 0
140996 0
140997 0
140998 0
140999 0
141000 0
141001 0
141002 0
141003 0
141004 0
141005 0
141006 0
141007 0
141008 0
141009 0
141010 0
141011 0
141012 0
141013 0
141014 0
141015 0
141016 0
141017 0
141018 0
141019 0
141020 0
141021 0
141022 0
141023 0
141024 0
141025 0
141026 0
141027 0
141028 0
141029 0
141030 0
141031 0
141032 0
141033 0
141034 0
141035 0
141036 0
141037 0
141038 0
141039 0
141040 0
141041 0
141042 0
141043 0
141044 0
153818 800000000
153819 1000000000
153820 2000000000
153821 2000000000
153822 2000000000
153823 4000000000
153824 4000000000
153825 4000000000
153826 4000000000
153827 4000000000
153828 4000000000
153829 4000000000
153830 4000000000
153831 4000000000
153832 4000000000
153833 2000000000
153834 2000000000
153835 2000000000
153836 1000000000
153837 800000000
153838 200000000
154785 548b89ec59f0801
154786 401213b8b020c996
154787 d6ed9a26894a2d77
154788 7d8ecc4f9c9367ec
154789 144ae8bce903bd17
154790 9026c47e
154791 1
154792 0
154793 0
154794 0
154795 0
154796 0
154797 0
154798 0
154799 0
154800 0
154801 0
154802 0
154803 0
154804 0
154805 0
154806 0
154807 0
154808 0
154809 0
154810 0
154811 0
154812 0
154813 0
154814 0
154815 0
154816 0
154817 0
154818 0
154819 0
154820 0
154821 0
154822 0
154823 0
154824 0
154825 0
154826 0
154827 0
154828 0
154829 0
154830 0
154831 0
154832 0
154833 0
154834 0
154835 0
154836 0
154837 0
154838 0
154839 0
154840 0
154841 0
154842 0
154843 0
154844 0
154845 0
154846 0
154847 0
154848 0
154849 0
154850 0
154851 0
154852 0
154853 0
154854 0
154855 0
154856 0
154857 0
154858 0
154859 0
154860 0
154861 0
154862 0
154863 0
154864 0
154865 0
154866 0
154867 0
154868 0
154869 0
154870 0
154871 0
154872 0
154873 0
154874 0
154875 0
154876 0
154877 0
154878 0
154879 0
154880 0
154881 0
154882 0
154883 0
154884 0
154885 0
154886 0
154887 0
154888 0
154889 0
154890 0
154891 0
154892 0
154893 0
154894 0
154895 0
154896 0
154897 0
154898 0
154899 0
154900 0
154901 0
154902 0
154903 0
154904 0
154905 0
154906 0
154907 0
154908 0
154909 0
154910 0
154911 0
178980 c59f0801
178981 b5698234
178982 c95c412f
178983 73810212
178984 66928967
178985 a471ad3b
178986 1
178987 0
178988 0
178989 0
178990 0
178991 0
178992 0
178993 0
178994 0
178995 0
178996 0
178997 0
178998 0
178999 0
179000 0
179001 0
179002 0
179003 0
179004 0
179005 0
179006 0
179007 0
179008 0
179009 0
179010 0
179011 0
179012 0
179013 0
179014 0
179015 0
179016 0
179017 0
179018 0
179019 0
179020 0
179021 0
179022 0
179023 0
179024 0
179025 0
179026 0
179027 0
179028 0
179029 0
179030 0
179031 0
179032 0
179033 0
179034 0
179035 0
179036 0
179037 0
179038 0
179039 0
179040 0
179041 0
179042 0
179043 0
179044 0
179045 0
179046 0
179047 0
179048 0
179049 0
179050 0
179051 0
179052 0
179053 0
179054 0
179055 0
179056 0
179057 0
179058 0
179059 0
179060 0
179061 0
179062 0
179063 0
179064 0
179065 0
179066 0
179067 0
179068 0
179069 0
179070 0
179071 0
179072 0
179073 0
179074 0
179075 0
179076 0
179077 0
179078 0
179079 0
179080 0
179081 0
179082 0
179083 0
179084 0
179085 0
179086 0
179087 0
179088 0
179089 0
179090 0
179091 0
179092 0
179093 0
179094 0
179095 0
179096 0
179097 0
179098 0
179099 0
179100 0
179101 0
179102 0
179103 0
179104 0
179105 0
179106 0
179107 0
179108 0
191882 800000000
191883 1000000000
191884 2000000000
191885 2000000000
191886 2000000000
191887 4000000000
191888 4000000000
191889 4000000000
191890 4000000000
191891 4000000000
191892 4000000000
191893 4000000000
191894 4000000000
191895 4000000000
191896 4000000000
191897 2000000000
191898 2000000000
191899 2000000000
191900 1000000000
191901 800000000
191902 200000000
192849 988e251c7b7e1001
192850 11815c6cbc78e4468
192851 1b770871c3e0e4cee
192852 1cfb67d56abbb5b3c
192853 1e07299c2fb5588bf
192854 244f6dbbce9ef5eea
192855 1be897daf2b876710
192856 15f401044697f848e
192857 bd7cf83d281b321b
192858 83c6d83b81308f9e
192859 69a1d86ec873de67
192860 148e35a76
192861 1
192862 0
192863 0
192864 0
192865 0
192866 0
192867 0
192868 0
192869 0
192870 0
192871 0
192872 0
192873 0
192874 0
192875 0
192876 0
192877 0
192878 0
192879 0
192880 0
192881 0
192882 0
192883 0
192884 0
192885 0
192886 0
192887 0
192888 0
192889 0
192890 0
192891 0
192892 0
192893 0
192894 0
192895 0
192896 0
192897 0
192898 0
192899 0
192900 0
192901 0
192902 0
192903 0
192904 0
192905 0
192906 0
192907 0
192908 0
192909 0
192910 0
192911 0
192912 0
192913 0
192914 0
192915 0
192916 0
192917 0
192918 0
192919 0
192920 0
192921 0
192922 0
192923 0
192924 0
192925 0
192926 0
192927 0
192928 0
192929 0
192930 0
192931 0
192932 0
192933 0
192934 0
192935 0
192936 0
192937 0
192938 0
192939 0
192940 0
192941 0
192942 0
192943 0
192944 0
192945 0
192946 0
192947 0
192948 0
192949 0
192950 0
192951 0
192952 0
192953 0
192954 0
192955 0
192956 0
192957 0
192958 0
192959 0
192960 0
192961 0
192962 0
192963 0
192964 0
192965 0
192966 0
192967 0
192968 0
192969 0
192970 0
192971 0
192972 0
192973 0
192974 0
192975 0
217044 7b7e1001
217045 601c6984
217046 562413ba
217047 632be259
217048 cb0c0617
217049 ca61f8ae
217050 707e42ce
217051 2809023f
217052 875b4261
217053 3ead87dc
217054 4c3ab6a3
217055 b28532e5
217056 2
217057 0
217058 0
217059 0
217060 0
217061 0
217062 0
217063 0
217064 0
217065 0
217066 0
217067 0
217068 0
217069 0
217070 0
217071 0
217072 0
217073 0
217074 0
217075 0
217076 0
217077 0
217078 0
217079 0
217080 0
217081 0
217082 0
217083 0
217084 0
217085 0
217086 0
217087 0
217088 0
217089 0
217090 0
217091 0
217092 0
217093 0
217094 0
217095 0
217096 0
217097 0
217098 0
217099 0
217100 0
217101 0
217102 0
217103 0
217104 0
217105 0
217106 0
217107 0
217108 0
217109 0
217110 0
217111 0
217112 0
217113 0
217114 0
217115 0
217116 0
217117 0
217118 0
217119 0
217120 0
217121 0
217122 0
217123 0
217124 0
217125 0
217126 0
217127 0
217128 0
217129 0
217130 0
217131 0
217132 0
217133 0
217134 0
217135 0
217136 0
217137 0
217138 0
217139 0
217140 0
217141 0
217142 0
217143 0
217144 0
217145 0
217146 0
217147 0
217148 0
217149 0
217150 0
217151 0
217152 0
217153 0
217154 0
217155 0
217156 0
217157 0
217158 0
217159 0
217160 0
217161 0
217162 0
217163 0
217164 0
217165 0
217166 0
217167 0
217168 0
217169 0
217170 0
217171 0
217172 0
229946 5bb092442
229947 fffffffff
229948 2000000000
229949 2000000000
229950 2000000000
229951 4000000000
229952 4000000000
229953 4000000000
229954 4000000000
229955 4000000000
229956 4000000000
229957 4000000000
229958 4000000000
229959 4000000000
229960 4000000000
229961 2000000000
229962 2000000000
229963 2000000000
229964 1000000000
229965 800000000
229966 200000000
230913 3b926174b7fc2001
230914 5cb9f56103595308
230915 7730d3879634f384
230916 a05c04ccd651d082
230917 12b58b6863dba7d1a
230918 19e74fcfdbdf4f668
230919 1b38eccad0214fb69
230920 1a09b881e9b7dcdc4
230921 22a346a49b4af821f
230922 2553eeaf6a85835cc
230923 24529481d71f74630
230924 269e56c139d19de5e
230925 2315b30ce0d0b88d6
230926 20fd372489a0760f2
230927 1e38e83d6773b4e19
230928 1f522ba767455c5ec
230929 1b86d6dc9abb16905
230930 f70410896ebcb436
230931 97caf9be1c6be484
230932 e21b8baf09f880ae
230933 6e1d74132fb434e5
230934 6a50f94cbc768b0e
230935 7c7d801590fb1b65
230936 2ca14cb94
230937 4
230938 0
230939 0
230940 0
230941 0
230942 0
230943 0
230944 0
230945 0
230946 0
230947 0
230948 0
230949 0
230950 0
230951 0
230952 0
230953 0
230954 0
230955 0
230956 0
230957 0
230958 0
230959 0
230960 0
230961 0
230962 0
230963 0
230964 0
230965 0
230966 0
230967 0
230968 0
230969 0
230970 0
230971 0
230972 0
230973 0
230974 0
230975 0
230976 0
230977 0
230978 0
230979 0
230980 0
230981 0
230982 0
230983 0
230984 0
230985 0
230986 0
230987 0
230988 0
230989 0
230990 0
230991 0
230992 0
230993 0
230994 0
230995 0
230996 0
230997 0
230998 0
230999 0
231000 0
231001 0
231002 0
231003 0
231004 0
231005 0
231006 0
231007 0
231008 0
231009 0
231010 0
231011 0
231012 0
231013 0
231014 0
231015 0
231016 0
231017 0
231018 0
231019 0
231020 0
231021 0
231022 0
231023 0
231024 0
231025 0
231026 0
231027 0
231028 0
231029 0
231030 0
231031 0
231032 0
231033 0
231034 0
231035 0
231036 0
231037 0
231038 0
231039 0
255108 b7fc2001
255109 3eebb47c
255110 f2eee8e5
255111 4d82a409
255112 de1681e7
255113 e94dacee
255114 a089f867
255115 4f0c9a72
255116 554b0a3f
255117 d28ca017
255118 c7363128
255119 e243267d
255120 76f0f4eb
255121 cb6291c2
255122 870ec063
255123 57e449c4
255124 a0d4237d
255125 272a2201
255126 136ff50f
255127 a1c37a6d
255128 11cfc094
255129 2a93ff22
255130 fb4c14b2
255131 46924ba9
255132 7
255133 0
255134 0
255135 0
255136 0
255137 0
255138 0
255139 0
255140 0
255141 0
255142 0
255143 0
255144 0
255145 0
255146 0
255147 0
255148 0
255149 0
255150 0
255151 0
255152 0
255153 0
255154 0
255155 0
255156 0
255157 0
255158 0
255159 0
255160 0
255161 0
255162 0
255163 0
255164 0
255165 0
255166 0
255167 0
255168 0
255169 0
255170 0
255171 0
255172 0
255173 0
255174 0
255175 0
255176 0
255177 0
255178 0
255179 0
255180 0
255181 0
255182 0
255183 0
255184 0
255185 0
255186 0
255187 0
255188 0
255189 0
255190 0
255191 0
255192 0
255193 0
255194 0
255195 0
255196 0
255197 0
255198 0
255199 0
255200 0
255201 0
255202 0
255203 0
255204 0
255205 0
255206 0
255207 0
255208 0
255209 0
255210 0
255211 0
255212 0
255213 0
255214 0
255215 0
255216 0
255217 0
255218 0
255219 0
255220 0
255221 0
255222 0
255223 0
255224 0
255225 0
255226 0
255227 0
255228 0
255229 0
255230 0
255231 0
255232 0
255233 0
255234 0
255235 0
255236 0
268010 6618b0302
268011 d961a93eb
268012 1f08fbef75
268013 1ffffffffd
268014 2000000000
268015 4000000000
268016 4000000000
268017 4000000000
268018 4000000000
268019 4000000000
268020 4000000000
268021 4000000000
268022 4000000000
268023 4000000000
268024 4000000000
268025 2000000000
268026 2000000000
268027 2000000000
268028 1000000000
268029 800000000
268030 200000000
268977 843a6e1073f84001
268978 5a70ebd0071668f8
268979 16ca7188073d5adda
268980 e6d48512e3212dea
268981 24bdc336e80dc315f
268982 24fa01ff49ec151be
268983 31669a31ee0d286f5
268984 301d0b2db56c90cb6
268985 32017569296d29261
268986 3e49b25f9718fd5ec
268987 442c10a4c94960678
268988 5182c253b787cda8e
268989 49c8487f6b29ef737
268990 5f0cab3b723d67400
268991 5eda78ecf3ade8058
268992 6bb2ee59c94b6c59e
268993 690f0a0a37613b64f
268994 5dcbbe27c4db9a950
268995 64584448b66683211
268996 65374b8709bf6f9e0
268997 5e26db2bb8cd87a80
268998 65acaab8beba4a498
268999 694a470a943bdd6e9
269000 6349dcee4c7e90a1a
269001 6fc72830ebe24a833
269002 5b681de441d42ec52
269003 5a8b92a2d28aedfd6
269004 59229fe7ad0c5603e
269005 4b7e54e35112ee151
269006 3cc2c5056576aba76
269007 36ae7389f9776fa5c
269008 37b18ec12a67c3d96
269009 3ec7a2bebcc9011bb
269010 357266b5030325ee2
269011 24a329615940f8395
269012 2db3ad10f0ea70e60
269013 1dfdfeb502c1ebcfd
269014 14a878f1fe1957104
269015 1e227ddf8c5c0960b
269016 c28973fac38b9b2a
269017 72cd534562648d88
269018 14e39acc9654f7ac0
269019 833ca8ae60769710
269020 5d697de72e7fc8a6
269021 10e27e0b2da659ac0
269022 8a8cd2a5a5b392e0
269023 137455088d49974d
269024 3dc00233e
269025 31
269026 0
269027 0
269028 0
269029 0
269030 0
269031 0
269032 0
269033 0
269034 0
269035 0
269036 0
269037 0
269038 0
269039 0
269040 0
269041 0
269042 0
269043 0
269044 0
269045 0
269046 0
269047 0
269048 0
269049 0
269050 0
269051 0
269052 0
269053 0
269054 0
269055 0
269056 0
269057 0
269058 0
269059 0
269060 0
269061 0
269062 0
269063 0
269064 0
269065 0
269066 0
269067 0
269068 0
269069 0
269070 0
269071 0
269072 0
269073 0
269074 0
269075 0
269076 0
269077 0
269078 0
269079 0
269080 0
269081 0
269082 0
269083 0
269084 0
269085 0
269086 0
269087 0
269088 0
269089 0
269090 0
269091 0
269092 0
269093 0
269094 0
269095 0
269096 0
269097 0
269098 0
269099 0
269100 0
269101 0
269102 0
269103 0
293172 73f84001
293173 8b50d708
293174 ce4699aa
293175 4fc8466a
293176 67b0b673
293177 ea9d852d
293178 3072a6eb
293179 6d32afd7
293180 98a3453f
293181 91a72c81
293182 79312c74
293183 bb3de4de
293184 cacb1c76
293185 c05afbfb
293186 2ba93413
293187 825e5473
293188 31429bf1
293189 deaa49fa
293190 43241493
293191 e17b3e71
293192 e04d32f6
293193 ce125759
293194 9e88827a
293195 5c8d7ac9
293196 f2c2771e
293197 19b56f66
293198 df30be21
293199 797e8a70
293200 a358dfd1
293201 f5008b0
293202 63a34ab7
293203 11637639
293204 47a8fdd1
293205 1cac8ad1
293206 eb35eee9
293207 58d9a478
293208 7598e0e
293209 c1755c57
293210 1048252c
293211 a5b37924
293212 24ee0184
293213 d81cce06
293214 aeb043d9
293215 b1bc7155
293216 37cf18a7
293217 b3db7393
293218 17d669f3
293219 ef747847
293220 34
293221 0
293222 0
293223 0
293224 0
293225 0
293226 0
293227 0
293228 0
293229 0
293230 0
293231 0
293232 0
293233 0
293234 0
293235 0
293236 0
293237 0
293238 0
293239 0
293240 0
293241 0
293242 0
293243 0
293244 0
293245 0
293246 0
293247 0
293248 0
293249 0
293250 0
293251 0
293252 0
293253 0
293254 0
293255 0
293256 0
293257 0
293258 0
293259 0
293260 0
293261 0
293262 0
293263 0
293264 0
293265 0
293266 0
293267 0
293268 0
293269 0
293270 0
293271 0
293272 0
293273 0
293274 0
293275 0
293276 0
293277 0
293278 0
293279 0
293280 0
293281 0
293282 0
293283 0
293284 0
293285 0
293286 0
293287 0
293288 0
293289 0
293290 0
293291 0
293292 0
293293 0
293294 0
293295 0
293296 0
293297 0
293298 0
293299 0
293300 0
306074 5b05fe00a
306075 ae7d3dac1
306076 1a23441d7e
306077 19cb623115
306078 1c33d3afa5
306079 3d24c52eef
306080 3eb1c65337
306081 3ffffffffd
306082 4000000000
306083 4000000000
306084 4000000000
306085 4000000000
306086 4000000000
306087 4000000000
306088 4000000000
306089 2000000000
306090 2000000000
306091 2000000000
306092 1000000000
306093 800000000
306094 200000000
307041 3488fa3cf7f08001
307042 7e38d37b51a5ae10
307043 106b461072860a394
307044 128cb9cb68ceab374
307045 15afd709679aa046a
307046 1c5fe418db8825452
307047 1eb37026ce7fea146
307048 25262a4fce018ad5e
307049 20b73f4a004e95cf7
307050 2b653692ae0a3e788
307051 344a3567c77462bbb
307052 328ac6e82adbe0e44
307053 3ee96a9f833da2199
307054 4bb610db850c7e504
307055 489eec7ad0a241633
307056 4893011f3ea39000e
307057 47965fa3d3f0aa561
307058 558237f693b13f464
307059 523a6ae984375a307
307060 5b389a0f3363ce6e0
307061 6835ff617a8b56710
307062 726bccf366aba17ea
307063 80e396a0d64d80c2a
307064 7343f0b41a92c9ffc
307065 89d6cd246666bec88
307066 815ccba66185badf8
307067 8c6fcb66dcd17710d
307068 820f849eaf643caea
307069 994c91896883a70e3
307070 98e945210c1c6eddc
307071 91e9b1e4549f4d4cf
307072 9454848400ebdebda
307073 9d31f285b61da72fd
307074 8d747c189efd200c6
307075 9580d57858b84ba92
307076 982bd47197b225b5c
307077 9cac71461dd2ac445
307078 9f73b6cca9df3c746
307079 92f4571f51dd78685
307080 be55ed26072d5394c
307081 901b7cc05cf3c4fbc
307082 b2738da1a18aecc72
307083 a4a0e812795134a4b
307084 c2a0620cef7c5e9b6
307085 b15fb3c70dd0446ea
307086 c5b9bf443514614f4
307087 c04bd06680a580c21
307088 d3b7194074ddfc612
307089 b925a4c8e89abdb5e
307090 b57a7da4db00a729c
307091 b77fff7ee621afdfa
307092 a0b086e817969ab5e
307093 bc1eb4dc9d26b300b
307094 93cd7c78e3ee82a1c
307095 c3a7786a7b071b9a0
307096 8eafdde4ec53ff2e0
307097 ab9075a53ba497f91
307098 7b82288cf61b622fe
307099 abb8a9cda4afa96ea
307100 7dd76c1e9206f973c
307101 98f20c813639c59d5
307102 855a392b60604062a
307103 8cf5769ab9972e219
307104 800c0666c226e96de
307105 7fcd72d4243f6f37f
307106 7d5a9cb6fe90e9a4a
307107 6cfc6d05ac64d6f71
307108 7b496957c7445cfd8
307109 60662999079da235d
307110 7227bc9a6bc5bbc72
307111 395538e9327d9d988
307112 6a77c0f4612ff469a
307113 2e4690a3f73a48d3e
307114 50e9b039e1fa141cc
307115 337084a7a78b61391
307116 41b89b35e70cef1b6
307117 3634edbf6db1f19fa
307118 347feada728466cd6
307119 2f8b4bcc9e196a2b0
307120 35a2a54760c9b0ffc
307121 321709017e5297b5e
307122 35e57c55ecc6ac7fc
307123 38d71e98b364674f2
307124 1eb1f514cb6c46102
307125 4092a923de6e8c2f7
307126 1c2007229c8d1c59e
307127 33417cf2275e88eab
307128 1b049b969c0ec8758
307129 2babb9ce946719779
307130 1b650f4a53c45fff6
307131 1d540e84935af4ec1
307132 89e62ef89512463c
307133 152afa4645b8b2c0b
307134 2c980ad30ba18882
307135 dffaad9b79f5ae69
307136 614750dcd8
307137 a90
307138 0
307139 0
307140 0
307141 0
307142 0
307143 0
307144 0
307145 0
307146 0
307147 0
307148 0
307149 0
307150 0
307151 0
307152 0
307153 0
307154 0
307155 0
307156 0
307157 0
307158 0
307159 0
307160 0
307161 0
307162 0
307163 0
307164 0
307165 0
307166 0
307167 0
331236 de4e4ce0
331237 93946c36
331238 2e3ffd1a
331239 4407ca4a
331240 6f6d6af
331241 56adf6d8
331242 2c78a97e
331243 e696a538
331244 7c65b9b
331245 291310c2
331246 b5dfb5fc
331247 637d7104
331248 9829d3ce
331249 648942c7
331250 59259b38
331251 474ec055
331252 66ff0bb7
331253 380de76d
331254 8b212fb1
331255 3aec79b9
331256 8cab0bc1
331257 a81ba315
331258 7f546944
331259 72d973cb
331260 93b93dbc
331261 e5b75ee
331262 7dcbb3cc
331263 6ad733ce
331264 32c589ff
331265 c6f2756a
331266 2ae7c38f
331267 79c018a6
331268 57c50d08
331269 5d83f575
331270 90cd8859
331271 150f2662
331272 ad80bb27
331273 84e74577
331274 c0f7e7c3
331275 744b2d0c
331276 2f32a33e
331277 e020f553
331278 b8494dac
331279 15340ff
331280 9db5f734
331281 174a6042
331282 8b6ca701
331283 25e7333d
331284 133191d7
331285 ccffdcb9
331286 5438e02c
331287 48ae9475
331288 5b98f058
331289 c338aba4
331290 e64ba8bf
331291 6d40d934
331292 dbf14c21
331293 b55b52a7
331294 25e8ab92
331295 214cacbe
331296 dc147056
331297 e0529ea
331298 b4ad0ba
331299 5a73a7c0
331300 9f32128d
331301 a4d6e9e
331302 b85ce2ca
331303 ed6c7308
331304 c9e65721
331305 bef02849
331306 a4a2b811
331307 ec3024a2
331308 1b363f58
331309 ddb09ea1
331310 96da9c9d
331311 37061be4
331312 c3108c2b
331313 6b1615b1
331314 50223f59
331315 df4449af
331316 45d50940
331317 366d0725
331318 1b49555f
331319 17f889fe
331320 844f0b64
331321 243a9471
331322 12986aca
331323 31440df1
331324 f08900d8
331325 df29c08d
331326 f48004d
331327 b6da7cca
331328 f87eebf4
331329 c2f3b2f6
331330 2ff7f33b
331331 1faa2e66
331332 e0a
331333 0
331334 0
331335 0
331336 0
331337 0
331338 0
331339 0
331340 0
331341 0
331342 0
331343 0
331344 0
331345 0
331346 0
331347 0
331348 0
331349 0
331350 0
331351 0
331352 0
331353 0
331354 0
331355 0
331356 0
331357 0
331358 0
331359 0
331360 0
331361 0
331362 0
331363 0
331364 0
344138 74d9e83d5
344139 ffcc03c3d
344140 1fafe32693
344141 1eee20ed82
344142 1dfde60fc1
344143 4091d45db2
344144 3d3492dfa2
344145 3ca7f206a6
344146 4010c272e5
344147 416f1f1470
344148 40c05d650e
344149 3eeb8a848c
344150 412b1ce6ee
344151 40c7e10f1d
344152 3fc1939d66
344153 2000000a90
344154 2000000000
344155 2000000000
344156 1000000000
344157 800000000
344158 200000000
345105 c10be5476f95c400
345106 1004fb2c1fce56e80
345107 a56710119247f8e4
345108 ab7a3e354d72a878
345109 62e342bb22a3c81c
345110 b7271b15d015cedc
345111 c5c51a39f87e2e90
345112 1e6c5e0e2e2139034
345113 155b0f53a658364f9
345114 bff88a2ab63da06c
345115 2085cc60bc895f138
345116 1bc1eb6c88807a984
345117 276d398256aa757f6
345118 23a45ddd31cf03f94
345119 272b62acc38d81ad8
345120 1f4ade8dca22d5b64
345121 22fcfe2679e4619b5
345122 2fa76f0f86c20c866
345123 2c00afe9baacdfd20
345124 3077203aa83daabde
345125 33caa68c55df35a2a
345126 3ebda5b6d53b3f928
345127 3e76e094a7efbfa52
345128 4364806bc394100c8
345129 41599fdaf3409473c
345130 3ee8656331d6a3d04
345131 3e6e81043aea73d93
345132 49d4d62a5b0acc374
345133 49789e31151f912cc
345134 52c09b6a40242d3e4
345135 4ee2ee593b6d778cb
345136 571ace797fe1aae96
345137 51336f0e056da3a47
345138 58fc2ea7ce11f60de
345139 674bdcd7ca84f3b49
345140 4b2a2428354657dae
345141 6f230eb6d4851454b
345142 5f27357840f6341c0
345143 6ef242c1ec84148ff
345144 7779450e6e64bf902
345145 61904b523e6860f13
345146 826a7fe36f95c533a
345147 7c39e9d7ca3d9ed83
345148 788d070cead85aed6
345149 82cd66173e67d5bfa
345150 78851983d2cc84b18
345151 7c3cb53710aa606d5
345152 7f5e3f5df1e50076c
345153 82c0397b60b76fbf2
345154 97ae13e02f3bcd480
345155 83ae223f1fc9398e6
345156 94f1ea75a90527cdc
345157 8d489eab9b12bfe52
345158 9b3c00e55558042be
345159 a918ca74168c5280e
345160 98b71b6bc4aa196c0
345161 b8e52e791c3a985c3
345162 a953f9f5656899aac
345163 a30b4bc85666dc5e0
345164 a33ea8eceb1533758
345165 c2fe6d234df1d8ae7
345166 aeaadb84d23825d42
345167 abc696344a4bca34a
345168 bafcec3b499b5dd72
345169 abb764a6a7c7b03e4
345170 b127df016f280a9a0
345171 a25b92ea1f13c9b19
345172 bd4b0985c6257b21c
345173 a2cd5910b4d109487
345174 92b38f2141a3b2c6c
345175 bcdef7b6897a24926
345176 95990d41e00e602e0
345177 9c18e68ee32e7bf65
345178 a72f3f0c494194d3a
345179 92530facd5d5f1467
345180 ab8ad3ca17fef9c00
345181 94c56c8a9a8f22563
345182 936fdd8cde258327e
345183 a5774f419cbf4aa4e
345184 81f6a374ccf8eac18
345185 9affa3020726a1f1c
345186 7d0c0b074ee82808c
345187 85b1a4fb14c257e05
345188 91825acbb5e5dac62
345189 733ad29eaada8300e
345190 793ef3ef0adf1e586
345191 7942cd42af6491183
345192 78a12c0b1ee0c1c3e
345193 6e4ea1f0f5c07af66
345194 68f6c1c087ae93748
345195 7976cd7794f58212a
345196 749c4f326a3fdbf1e
345197 6c4b0de49b1f5e669
345198 6cac0feff62d11966
345199 6dbf8590b6ede5059
345200 6cb7b762339c8068c
345201 5f1ee9368fef14923
345202 5a010b1e4058f3798
345203 6897750b4ac01e331
345204 4eb8818010c7023c4
345205 434f95dd2d5acc9e2
345206 4ebf47468c1165c62
345207 4b7d2c6a695531ff1
345208 3b7ddf3bc9fab1716
345209 41a1daf26429280a4
345210 3bcf65fbae41eec6e
345211 43b8d2314037769ca
345212 3a54a596c720218ea
345213 30a5bd012bda0afaf
345214 489ac7b95d2ec7ef0
345215 3c0b84b5339e80582
345216 2f9830827cdcfeeaa
345217 30c7f2ee34ffa27d9
345218 32f837ff633b0b8f6
345219 2bad3f75e4ad30349
345220 195f3c2ad650911e4
345221 25931f635b84c3bf0
345222 20626978e53acb350
345223 b9fbb8ddd961605c
345224 e8d45291ead774bc
345225 14459186a4bd270e4
345226 35d503fb14b28450
345227 2bb6f506630ec7dc
345228 9cc1dd394961dd08
345229 a67d0494660f224
345230 7facec6dba7c300
345231 1ff58633246c1000
369300 acc9c0b5
369301 b5fa45d9
369302 e953c504
369303 44e28ff
369304 99cd56af
369305 cffef02b
369306 987eab68
369307 734be835
369308 c9f15b8
369309 d4e505a2
369310 3eefec26
369311 7bec9140
369312 3298c1af
369313 5f9e5cdc
369314 2184afce
369315 992cc912
369316 8d78b595
369317 ea31d47f
369318 3f0793da
369319 a922bfc5
369320 4e441ee7
369321 8d3ab26e
369322 24a036da
369323 ff6ccae9
369324 48d82b24
369325 5f91d9f0
369326 cc965987
369327 fda45b30
369328 42be6915
369329 74e81bff
369330 37b70bf1
369331 2153e4d9
369332 4d4afd1
369333 61d8de9
369334 55e34ce1
369335 35669ad4
369336 68a38daf
369337 304331ec
369338 1cc3b5a1
369339 efdc25f7
369340 e1e5991e
369341 6cbbb0b6
369342 a2fd457b
369343 d2c9a798
369344 9ab696bc
369345 e13b23e9
369346 4d6e7054
369347 df4f8065
369348 556ae5e4
369349 62c970b7
369350 3847f1a3
369351 5a17defc
369352 695fdf0f
369353 9f1681de
369354 3cc6142d
369355 2901e26a
369356 390900ec
369357 5af400f6
369358 5aca688e
369359 6bfbc081
369360 d4fc00a6
369361 55809012
369362 bc27294e
369363 8f548b6d
369364 b0288b6f
369365 12c5116
369366 c35d30c5
369367 c0d9340e
369368 bfe254ec
369369 2139f089
369370 18df0ee5
369371 bf23f8b2
369372 5756b747
369373 39510a0a
369374 5887bab2
369375 6038c0b3
369376 68bcc003
369377 bb03f875
369378 bc973b88
369379 c13621bb
369380 dbe11561
369381 7f6c9f26
369382 2cbc904a
369383 71da3329
369384 415aec51
369385 90bc64e6
369386 e519233a
369387 4081360a
369388 fed2a980
369389 b536249f
369390 dbd2e043
369391 15606b5f
369392 7276b424
369393 6f3d0cd2
369394 868c4e23
369395 b94352bf
369396 78badddb
369397 8f0272a9
369398 4841d663
369399 cf4ea3e2
369400 7d057884
369401 a46a317b
369402 c139b9c6
369403 c3510d4b
369404 794cd32f
369405 c56bead4
369406 b44260f9
369407 2631f5dd
369408 200358bb
369409 cd412c11
369410 1deadbcc
369411 bcdb7c68
369412 98c5cb12
369413 e58b05f0
369414 154f61a2
369415 5ef6d281
369416 f6248cdc
369417 376211
369418 43a3e2fd
369419 1c69cde2
369420 c9ef2922
369421 efd56d71
369422 cf4a7396
369423 91094cf4
369424 5c112d3
369425 a1acf704
369426 777baa40
369427 28fddc7b
369428 0
382202 8416bed3a
382203 10b28eac1d
382204 20c75e57ae
382205 21a7ad2226
382206 21e7e3f311
382207 45a403950c
382208 43cf48b23f
382209 466e8548a9
382210 45ea5fcdbf
382211 464929ed96
382212 469497510d
382213 46fd969b02
382214 462d66cbeb
382215 448414ad95
382216 44e9e305bf
382217 224e1a6188
382218 220509cc0f
382219 21b639797d
382220 f722b15a6
382221 9d83987a3
382222 2788651a6
383169 749fb9f36549fff9
383170 f5a722d6036e44da
383171 1bc543101b1254999
383172 151887bd5887aa15e
383173 1aa66e17f7c0f31d4
383174 1fb4897b0d5cd2574
383175 30dfebaad0e73716f
383176 2f4c38989236d913c
383177 22e54e02fb7d04e95
383178 3028e0d0721a904a6
383179 2febea6237c35b51f
383180 4079ab41b9edc27f2
383181 293ba619a97fda380
383182 34ab408978eefadd6
383183 2fe1f185484a3f815
383184 3b29b46c12bb21c46
383185 3ea987a20d5a29ae4
383186 4c40cc807b0c28b52
383187 4cfe2668de0bb2776
383188 4f08012bc59f7f412
383189 4d86aa54e117b1ce0
383190 5d2d5af8ca87e8ff6
383191 5809ad7bd4401642c
383192 5ffe4a0671f7ce78c
383193 627aeb69530781955
383194 67a85ea8cfc208292
383195 6c7139d0f27192962
383196 75251117d0af024be
383197 8adc761e02846f99a
383198 71b1816ae63ab1d18
383199 742e66753d444cd5c
383200 6c420280e3d675c7a
383201 8348f99304b7b850f
383202 63da02f2eaa8b3cfa
383203 6fc7c2ed551c42473
383204 62b8369d59927b3e2
383205 7f4d5165622f0d322
383206 5aa0c7cbd9506576c
383207 73d621d190182803b
383208 6f12c556d8a5d9206
383209 9490f0383db891693
383210 8d4dd29e23308d6d4
383211 98684640899392bec
383212 9dc6ba82c2f2f1c26
383213 b9d49a6137cbd8e4a
383214 b8735597e4224b366
383215 bab3902d3c723c5eb
383216 af5b2f15408c6b10e
383217 b1214beb45961f262
383218 c2ca66939308883f4
383219 b44bda451ebc311d6
383220 ad7c5b2871c84ba82
383221 b95734c0ad98047b5
383222 bc20d91c960b2c56e
383223 bdaf1d075105a5f8a
383224 ab71b7861a2d7f5e4
383225 bb7c271b083ab0341
383226 b1d76abeaa8eac86c
383227 bdf5f04f25f958435
383228 b956775fdd5605d70
383229 cf43656756dc28aad
383230 c479772156401b690
383231 f520d088db3fa849f
383232 e0f3f2af7b1f860e4
383233 e6bed172d484a303b
383234 d177565d16028b2ee
383235 e742763db503cc81f
383236 cdaa659c2e1467c2e
383237 d7f4d3ce79aeba6a9
383238 c737f820d9ae98820
383239 c2ca80ba957a47a8c
383240 ad2c0cded3198e4c6
383241 aa67e869d35fa9dd7
383242 9ba0f2361c0de3054
383243 a1665cbbabdfd72a8
383244 93bd2765868ad4e94
383245 9aa42a6bf3d0118db
383246 8f87db5c76c4c022e
383247 967e35048bb732223
383248 ab0fb2768b9815718
383249 9591e48693ff8c2a6
383250 90508cff33142c35c
383251 8eaa802f134656c40
383252 9acacd454cf00a052
383253 8e97867aff69ad429
383254 9066427c6a4c81c0a
383255 9d2e5339aa589a822
383256 9682dbc1530442100
383257 886a5a62d2df09cea
383258 8953561450983b464
383259 769df25bbef43b5b3
383260 64192169888a709c0
383261 6c97156b58cdcfc96
383262 59c8b3dbc616f71c2
383263 5a7e740a702734153
383264 52f42e2cc8281fe5a
383265 62215f945f124b986
383266 5c4db661625681f94
383267 5f3b37802a08401db
383268 65803988b4944c5a0
383269 63d2cd821defaedc9
383270 623db060d914d4438
383271 6cb8147d2cc458480
383272 5ff95aeb5211fcbde
383273 586f7cb6c3f97cc69
383274 5d2adaeae9859d1de
383275 4f0c0ac7641e7df24
383276 4eb2d6d39c21e5408
383277 3bcf2f08be085c479
383278 3910270dc7c94e9b6
383279 340b0c67885d7b832
383280 2b38ec88d97cd2cba
383281 288075cfb6f431efe
383282 28b707fba6fb4f2e4
383283 23a88e69300875458
383284 23d4df6de6c47729a
383285 1f2b3304b6e945020
383286 18a5cfa2e8c6b383e
383287 18321a6fbcbe64dd5
383288 1b5e31937d00a8e24
383289 1e4a1b9134025c5cc
383290 192aa28fb45a2b4e0
383291 1ce8c7e98a583d646
383292 16c2d327686366054
383293 ea07a51d402c4f18
383294 d2b006caff63e06c
383295 503f8faf91778c69
407364 ac185a7e
407365 96b35109
407366 62228575
407367 ac6e0c05
407368 f0e73d4d
407369 846dfa10
407370 29898ab5
407371 4f364535
407372 faefd368
407373 198e7409
407374 2bb08b85
407375 970ab278
407376 f25cc24a
407377 dbf0a49a
407378 965cae98
407379 c56695b1
407380 3d7ecc7a
407381 15a39ebe
407382 a55f50d1
407383 adb0ef47
407384 43847b3f
407385 50d71667
407386 8e352006
407387 f8d2c6d4
407388 3547eefb
407389 34d5c53
407390 3883f8a1
407391 320e7da
407392 bea5626f
407393 aed00858
407394 90769653
407395 c713ae1a
407396 a88c79f0
407397 3dd8f4ee
407398 5585f3f1
407399 ea0f38b9
407400 70f3969b
407401 f9db498b
407402 d9d15572
407403 be3b60b3
407404 c26f19cb
407405 f99d4cad
407406 4e67a5a7
407407 a6894e54
407408 2641ff96
407409 2c11c215
407410 adc9d5ed
407411 3b63bd2
407412 8c44b0fb
407413 555f2c32
407414 64918c35
407415 56e24f36
407416 8cceb9bc
407417 3770c200
407418 de9e6e84
407419 228d630c
407420 fbc1be36
407421 1d9fcd33
407422 90b21c25
407423 b8037bde
407424 23080ed1
407425 da0daa37
407426 d7bbcf1
407427 b3607bc3
407428 33f21df
407429 798c8ea4
407430 ae719922
407431 f841a004
407432 884434fe
407433 7fb95dc8
407434 fcba5784
407435 f57f78c4
407436 2296b113
407437 3889b576
407438 f2a4d444
407439 993560a0
407440 aee8d3a
407441 1a791cf2
407442 b24a515c
407443 511a9649
407444 fbb8ffbb
407445 b0dffadf
407446 65258bf4
407447 6ea66e0f
407448 937ef72a
407449 65bc7b0d
407450 f9b4fabd
407451 8a798572
407452 3d06a383
407453 d4a2d860
407454 d72a950d
407455 cb01d660
407456 181b8390
407457 944a8f53
407458 7e32bc0b
407459 863aaa84
407460 34ddc8a
407461 fe6f89df
407462 962b5d4c
407463 f697c542
407464 3d150905
407465 755cd28b
407466 63eb245d
407467 22e7f213
407468 a661afac
407469 b0102508
407470 dfcef54b
407471 a5d871dd
407472 9932c042
407473 25064e48
407474 553cea44
407475 d97a7786
407476 bdef7bb3
407477 93d734ee
407478 5dbbe08a
407479 bcac6eca
407480 786b6e2f
407481 b280e81e
407482 30231cb
407483 47a47e03
407484 97c680cd
407485 1239b16d
407486 1a74fe4
407487 285bc77
407488 2c50e7c4
407489 e5a08928
407490 a43c314c
407491 66edc522
407492 0
420266 6a3a9aed0
420267 f493991a8
420268 1f4a994578
420269 1f7a7c4fdb
420270 20c23d74a7
420271 44446b1fac
420272 43fcced8fe
420273 434e40b804
420274 440030ec10
420275 44e685c389
420276 44fedf84b1
420277 453f9fa421
420278 4520f150c8
420279 43a32936e1
420280 4136af3223
420281 239d7eb28f
420282 202ab450e3
420283 1f212af545
420284 108caadf86
420285 81a53e438
420286 2061eaecd
421233 73b0bbea679cd604
421234 ca9da10db72e18dc
421235 dca7afc015fe557d
421236 15b5e9d7c9236c526
421237 2348588046c27459f
421238 251e0343448389fbc
421239 200993334ef9605c7
421240 2457520d19a247e88
421241 363951c6a15018b55
421242 2b7b9c3ee254dff50
421243 2169b226ba0e4a292
421244 324338eabde753246
421245 46c939b94abd16a5d
421246 44121da592a932f0a
421247 428ffb2ce55c88bf3
421248 5969942a7c780672e
421249 64f06eba9e928ff0e
421250 4de3c139eaf96cb4c
421251 533bff7cdb7d8b2eb
421252 62ceeafc18c90bbc2
421253 5bcd517ea44aac159
421254 538b4135c9beceeac
421255 616648ebfa3caba42
421256 7b80c0b5ddd5f9fa2
421257 6789f4a51cfc7c5c0
421258 60a2a2c6c6247408a
421259 7c8b45d3779b17164
421260 77a1c892613153afc
421261 612a362c9d17016d4
421262 625072cad82ca3a32
421263 7892c674b8d82f49f
421264 8ebbdf9531c2ec25a
421265 86c6f7df657e9c5fc
421266 89777ab93c8a28aa8
421267 939a375e7c6173d52
421268 9c0184f5e13439b82
421269 a50e8f11815693903
421270 9ecf40507eea014f0
421271 a40b6da81d2f9466d
421272 ab5c8eee29670c49a
421273 b883b81836ae1de17
421274 d6630f54a35d003e6
421275 d88741e71466a84bd
421276 e3109b20bd4c22448
421277 d08a5bf8310561392
421278 cc668d73a3e50e8f2
421279 d2d2ba9dd5f136732
421280 c7db8942340c0bed6
421281 c3b5736cbeca0ca6f
421282 db0e447872126e2bc
421283 e31b660df6ed15cdb
421284 ebcb083211974a57c
421285 e7021102b231890f5
421286 ea02fac7fc65d651a
421287 f96eab2392c8ebe0a
421288 d56ae1fe006648a7e
421289 e9d9a3d9751ae9b13
421290 df7f5cbc3b62d3748
421291 f4735994a5407e3ea
421292 fb51e9f1697080010
421293 1028fa06584b5385a3
421294 ffd8f933993c2b1e8
421295 f521db17da86b87d0
421296 fabf22c25ee3fd728
421297 104e2d595ea5dbbd84
421298 e2fef959a4c2ff5c4
421299 f9f5ff0da6b9de66e
421300 fc7c87a6daed95f1a
421301 e2019365d545b441b
421302 106f7352a36c83c796
421303 dce94da67e55b0763
421304 f8ae8ae1c30df8b44
421305 e6a01d534b7bfb07f
421306 d7494f7b215bc2a04
421307 e8e41eb0215facfbf
421308 d886e41c4fef47db6
421309 d4710f1d83bda4b10
421310 d0975b01edece81b8
421311 cb694e283ca545561
421312 b8fc8b06eeb8efbf8
421313 b36c7587b7c2425bb
421314 b12e534d15f8b4866
421315 b1fdbcd18d8d80ceb
421316 9cae2ad605887ff32
421317 ab992e3902e4c20ed
421318 96f6c8183b1f708ea
421319 9dfef2f4cd7041d86
421320 a0472970c41e94720
421321 83cc99d1fcdac11c4
421322 ab58f0543d14af704
421323 8b32c39aa6261c3ed
421324 ad306b1032f6e2302
421325 9313bb220d428d2a1
421326 98bf4fb0e1cd76434
421327 912c9003db30a2c90
421328 89e3626efdce35878
421329 848f2c3ba08c955c7
421330 80bbb303b31d1c878
421331 7c95ea4049391d300
421332 733bd69955dc8ebea
421333 757288f34e71e9ef1
421334 575a203801e366586
421335 6fe7c93b4354ab316
421336 3bbbbe713ad46bf8e
421337 5ddd41ca08f631ae6
421338 3824f5599d28076d2
421339 3fddd294e58b78062
421340 3d614c773fb3c2a16
421341 362ce584c4875f138
421342 3b6c5cedc81dff4c0
421343 3a45dfcd6fed728c8
421344 3113e5497c21f3f30
421345 387b7cf8fb988f676
421346 3367ee652f8ad491e
421347 275a86f7c0c697859
421348 3db471046666cf91e
421349 1614776c5a3c97fa9
421350 3c09d80255681c456
421351 12946f5dbf356dacc
421352 28cc8e6ae9e7cb0ac
421353 177068d5f31988b61
421354 119d5d908ce51a828
421355 1bf4b8956b15dfd87
421356 480fdaec45d8abf4
421357 13249461d7aab04ab
421358 12e534102cd16d26
421359 7db0116fc014f689
445428 52453fb1
445429 e8565eba
445430 5098e76
445431 769936a7
445432 b379d080
445433 1354d8de
445434 a902296
445435 80689d53
445436 db11ee29
445437 eb2d1efa
445438 9c0ca8e3
445439 2e0ccb7a
445440 71ddd218
445441 fb6d715f
445442 5c543be0
445443 c71983fa
445444 eb43ce3a
445445 6524ef67
445446 bd45787b
445447 24640c6a
445448 87f7f03e
445449 f15b726b
445450 7f8e5a95
445451 3dd802a6
445452 68cc7e5d
445453 10ade83
445454 6e5b2be
445455 504e4ed1
445456 f7b2f820
445457 b5b9cf43
445458 cfc7a3a9
445459 bdb313df
445460 ba4ad3b1
445461 85ae14ce
445462 e942b214
445463 6dd0fc6f
445464 52e6b9a9
445465 a0d4eb6e
445466 65b327d6
445467 bdf84919
445468 906e515d
445469 5f350dff
445470 c9870302
445471 433571af
445472 defa971a
445473 f0dd26e6
445474 35873b08
445475 ce0e2455
445476 580c319f
445477 4e143f45
445478 82bad1a3
445479 d4acdb30
445480 5c85812b
445481 27997907
445482 794dd88a
445483 ccc7e202
445484 61f4edf1
445485 4d246958
445486 f894db49
445487 41dd63f2
445488 7e7fb1ff
445489 76b8b1f3
445490 1acb9e76
445491 483e0013
445492 18f791d7
445493 2af881fc
445494 f9eaff41
445495 aa905a35
445496 b00074f6
445497 82ce2225
445498 6f33d690
445499 bea76390
445500 a1e68477
445501 d0c6dc3c
445502 838a0b3f
445503 122bf42e
445504 54f2e96e
445505 c977878d
445506 a6a323d6
445507 2027dca3
445508 2a5297ec
445509 895b9f3
445510 1a957b95
445511 760c8b5e
445512 881bf200
445513 d6665456
445514 dcf9bf86
445515 7604cc85
445516 c9676645
445517 388034bd
445518 c93a1c93
445519 a3edbddb
445520 f45d04e6
445521 8dfc4360
445522 252f3c80
445523 f391ce43
445524 207b9a4b
445525 10798d4b
445526 f1bf4e91
445527 559efb2f
445528 65d82ae8
445529 cc5cee77
445530 89af721d
445531 d6f288ee
445532 4811fac8
445533 1010f138
445534 c26f96fd
445535 e4984ca9
445536 ac433683
445537 2fa4aa88
445538 290f3e63
445539 45789206
445540 79a922b2
445541 1a5c9e11
445542 d29b5021
445543 e214d82a
445544 636fc010
445545 90ea9301
445546 a82f8291
445547 5a5c767d
445548 7665de8c
445549 ec433392
445550 55614efd
445551 ad7e6d30
445552 43fe5353
445553 66dd6853
445554 f37952ac
445555 a135f64d
445556 0
458330 655eb3bcc
458331 f49c1ced5
458332 1f70a79744
458333 1dc7f5f2b1
458334 21c69bc413
458335 3fe19a3ce6
458336 3db757c3b8
458337 410de978aa
458338 401cf09a46
458339 4198dcdd1d
458340 444d278f3c
458341 40df60a185
458342 4174521f85
458343 43f308c3dc
458344 40d1291b4b
458345 209cf68778
458346 22f30c9432
458347 2171a4dccd
458348 11263be3cd
458349 835ead0e0
458350 335f35ef3
459297 1a706f88c9429861
459298 955506da02528934
459299 d61981c0f6f63250
459300 555f08f9c8937066
459301 14aba3c3aba9e7e10
459302 156dd8bc3a17bc6f0
459303 67e2a40958cae8f5
459304 10cc2bed1fcc50c66
459305 206099e168d96373a
459306 24ebeb317b6c53380
459307 29f0b8698f482e5c8
459308 2c2ba52992678c3ae
459309 2c3d0fea38d56e6c0
459310 3781ef8660bbf5d40
459311 383adaee7ed3b0ea5
459312 2e2453a5a8e0e515a
459313 548160dbfe87bda37
459314 5ee03fc67bf9dd44c
459315 4b52017a3ede37a40
459316 5668688d3ecce25c4
459317 4e104d7b044a5887d
459318 618cd5495a69e7fba
459319 72209851d6f0374b2
459320 6349e1cfd1d26c42a
459321 6cf9e51e61790de76
459322 7b052ba5a4515332c
459323 5f81287d5a6de0857
459324 57808c8e664438c7a
459325 77b86c9ab55bed48a
459326 8956341384f9a6b9a
459327 8704a38f451a01fe8
459328 9b105eb8198613d8c
459329 8bf81351e64c3d832
459330 8b9c757be5f7a5340
459331 8f147ff4d03270745
459332 919678139e89a7ad4
459333 9fbf94e8deba12895
459334 b132597142f59f10c
459335 b1efb996732bc938a
459336 a5cd09bf7f7093882
459337 b028c3c21bd5fe412
459338 b98efcc3a3bbf387e
459339 c1e9d897bf03f6885
459340 d1b1ce2deb549690e
459341 c9e203cab9bc25995
459342 dc2fae84b78df2264
459343 e0b08c88f30d923a0
459344 d4d0a34bb7e0f2fcc
459345 f0a963dd6f04f9307
459346 eb8164ceb118c81d0
459347 e991763184d6aa095
459348 f16f019cd2d4ab47c
459349 1071fe3270eddc3422
459350 e63ff5c427e8f1722
459351 ee2db9385a9699fb5
459352 107a7dc04c4053f1ee
459353 eaaec7e733ae28a58
459354 f3990ccf6a1b92cc2
459355 10f1a27d78db7f132f
459356 117170ba3fa15bfbce
459357 11df68cb38319481f9
459358 10e1fe5f3f7997ee7c
459359 1198c02ba82e2680b9
459360 116819cf64e53061aa
459361 10becb61c7c4b39bef
459362 10e156060d8a88ad62
459363 107f6fe6adf8d342dc
459364 10bfc29f5cdcbb7c0a
459365 10caa89755979bcd9e
459366 f4791aa8468ede2ce
459367 f106cbe2564ffe6cd
459368 101993f716661c3726
459369 f5acbb27f20676899
459370 fdcdf8db5a8574a6c
459371 e92c200dc46045242
459372 e5c7bf132077293fa
459373 f42c156b03839ad56
459374 c7ece082176bc2be8
459375 d58d130782e987ae1
459376 e646010b556ea2e5a
459377 b277cf441eb7eae91
459378 c0dfea4e5d1e2317e
459379 bc311da4cf04795b1
459380 afacc52dce6474030
459381 b903e6dd169e763e6
459382 ab9060bbcdd300d18
459383 b4ecc9ba8a8730825
459384 aaf82ad09e2a8865a
459385 abc9c201c4878d9b2
459386 bd3cd23fd77b4f57c
459387 a5efcc9b6c572a44e
459388 9fe020c597609bd84
459389 a47b7c38ebedfe9ee
459390 8a7d0791a4400b72c
459391 895c490f832d51e23
459392 8c2c76776d6ff318a
459393 79d76de8204b11e2f
459394 7a1ee937c362e8486
459395 70f03b6823e12adcb
459396 6eb2b10fa70f6cb8c
459397 732771ffaced576cd
459398 5b3f481bbd9947aa6
459399 6fb194dfbc6c5eab0
459400 6004588067f90d518
459401 47a1f8b3a47630b97
459402 61083bba2396914aa
459403 4c31813a14983d18b
459404 41d96e159be89cf08
459405 40f270560dc370784
459406 3e09a2fd75772334e
459407 389f7b51342de6cd8
459408 2efcee52452cb0e36
459409 308fb68b813aa197d
459410 2fa66f614b9eb9fc2
459411 266dde652f38a8874
459412 23f9dfead3ce336a2
459413 2678f87e7278a3f5d
459414 19656632fb3dc892e
459415 1d63ec64066b4edba
459416 16f16e28960620d98
459417 db2c9a2888dae3c9
459418 10f6a220f83d5f008
459419 76b66410f0ef9da9
459420 603f7a156fc66bde
459421 45cf63c52a584876
459422 f1f83c71b618584
459423 1462ef0eb9340169
483492 da3d6efa
483493 3799cead
483494 c932a63a
483495 c91c96f6
483496 f9686c0
483497 bb39f3
483498 605bbe64
483499 ca93ca70
483500 c6a72c49
483501 6693977e
483502 12ff383e
483503 b97fe8ba
483504 175720e2
483505 cbe5c984
483506 ac0dbfbb
483507 5f32a285
483508 4a782555
483509 5d2b9f3f
483510 e63e63d7
483511 b4821323
483512 1a8f1d50
483513 70f8fbaf
483514 a3027333
483515 71dccaa0
483516 58e30995
483517 6fba2f65
483518 fe5c6925
483519 52a4a264
483520 7d74f612
483521 8715fb07
483522 8d152493
483523 e9fa847
483524 ff74cf27
483525 51e050e7
483526 1d2503c6
483527 5ffd7ecc
483528 65e94820
483529 8a346add
483530 a9033d6b
483531 2b0c7cce
483532 173ed22
483533 4ce67b43
483534 7f5314d9
483535 b887eeb2
483536 5411adfb
483537 a6cc2053
483538 d50f0909
483539 bcf3fb99
483540 b02c5bee
483541 934443ee
483542 eac10b38
483543 942fa8b
483544 4bf914b7
483545 a0fc4aaa
483546 42f4ce65
483547 4743e16a
483548 e48b9653
483549 daff9a83
483550 6f8287dc
483551 f5d02d9
483552 33d81ee1
483553 4c7924dd
483554 776a65b4
483555 44accbdb
483556 b429ff5b
483557 b42d05c2
483558 f4ca9d22
483559 c92d46ac
483560 68f66f03
483561 139ed6a2
483562 36286ce9
483563 4eaeae99
483564 e9a7e87c
483565 29c72a9c
483566 71866b36
483567 52f0666d
483568 e9785984
483569 12ecbd29
483570 372e240e
483571 dc459abe
483572 b059aebd
483573 63d6650d
483574 76083340
483575 d762aae
483576 24a5e61e
483577 a031c02b
483578 e4866f95
483579 b54bd357
483580 654f63cd
483581 680814de
483582 40ce0068
483583 9094349c
483584 3551ac5d
483585 b711c815
483586 827c347a
483587 26fef31e
483588 ef1da79a
483589 79e0b89f
483590 ce26db21
483591 84c4d4a0
483592 186d5c04
483593 84961873
483594 823a7994
483595 7de68f79
483596 10119eb4
483597 6dc849fd
483598 ff66c2f5
483599 ec7a2494
483600 837693c
483601 148d68ef
483602 9363b96
483603 872b06a1
483604 27a7a5
483605 7ab92eed
483606 63f17f2d
483607 c38746a1
483608 f517e252
483609 b79322ba
483610 1cc50842
483611 7e7eea2
483612 e62787e8
483613 f7a28755
483614 1a81b4bb
483615 9e1de9e9
483616 2e126ddf
483617 c89e6c0d
483618 c59bfdfc
483619 1a25f4de
483620 0
496394 7d47fdc94
496395 1064e37fde
496396 1df1fdf338
496397 20b189568f
496398 1dc1468720
496399 40697ee8c2
496400 3eb7837984
496401 3fb3df1ba6
496402 3fd720b44e
496403 3d32f98c0e
496404 401964be89
496405 3ecc486eb2
496406 40a3387ebd
496407 414f910d59
496408 3df64272af
496409 201ba33251
496410 213af42677
496411 1fe80da7bd
496412 1073048d1c
496413 9a56ac392
496414 2a17df305
497361 ba0cafbfdb3fcc24
497362 5ecca37fe87655e4
497363 1631e46e5850f6231
497364 1ae4abded561c42dc
497365 110105d8f6d8764a0
497366 144231af229ea9194
497367 15b1a464a28067522
497368 19ce449e5040d4504
497369 24442551ea524be48
497370 2db17c33d15cee432
497371 2cf39832cc5f61861
497372 3371b190a03a7c650
497373 17504df873922a83c
497374 34d5683676d10bbca
497375 3fecfb302781815c0
497376 3f0887462bc6ddfae
497377 445d2f6456bba23cf
497378 3c50a0963d7e8600e
497379 44f84382cd15e0afa
497380 4995c33da7683df58
497381 5001c3956b9b506a4
497382 6200ee11f0a206a3a
497383 5aff5bbbc344245ba
497384 415417707bd75fb02
497385 5c2ceb8489388358c
497386 69350d08d49e0e7d4
497387 76dc9c63831e80cf2
497388 6326382ddc55ed24a
497389 6ee1419485a627d01
497390 7c8d6854792fa118a
497391 72ff650c803755161
497392 68adff9f0d5c9b0fc
497393 941e84408f9da4ced
497394 7d5e94036c88fcd7a
497395 7aaf6a486e57863a3
497396 8a35de2f95b70204c
497397 80857fddca7917ee1
497398 8d362c3f142116982
497399 84ceaec7de741f9b5
497400 961afd06eced36018
497401 99ec2717b195da7c4
497402 8cbc1d38bf9f4e6be
497403 734d4fcf4b0d06667
497404 9f4a8f9d7a83d39de
497405 a13df29e9286a8aad
497406 b7f4754a35b87f776
497407 aee1a819daca03762
497408 a3ceba1d14d7a148a
497409 b52a6be09f5a8ee77
497410 bdd5feabdc45023b2
497411 d254f05669048ed8f
497412 c34aa1d5de376a67a
497413 bf722abef469b23d1
497414 be9c7a01d88ae51f6
497415 c393404ba2621c1e2
497416 cc2efaef0e3a508be
497417 ed7d75e9958143040
497418 d86ce34fb1d9c537c
497419 de675881902918983
497420 dbcd3c8d2fefd5da4
497421 df3170e12c39795b7
497422 decaf90fc8cbf63f4
497423 cad99099791515201
497424 e0e315f682bbe48c4
497425 1011fc97e6f3a9b9e3
497426 dd1815de928a94fa4
497427 be4cad1ece8020fc3
497428 c89faf0cd65e6cfa2
497429 d12071c38f9b9e746
497430 d2beada94b100b93a
497431 cc4c487a1f63bfc40
497432 d32d6dac4fc020de6
497433 b9e3bd02658fe049c
497434 b2d0c01593266b754
497435 c386d85c71cea24e7
497436 d4b3ba93d1a0bfa18
497437 bb4723ee352d9a7a7
497438 9607791ecabcc457a
497439 a823ff0e27e19da30
497440 b165b2c01c12c5d6e
497441 a61b83c250f8c23dc
497442 9640d3d0d219b4b68
497443 a59c3d4c8a5127e0f
497444 9126c72467eaf1d3a
497445 8d6cf830bf5ba4b51
497446 92d3b41995609a4b2
497447 8625f38c391dc97de
497448 79c17aa1363a84f62
497449 8b0c470f7c3a0a3bf
497450 7f42b6ac01201226e
497451 75f0f09cfe830bbbd
497452 77d4c5b48b9d37960
497453 774b7be89fc22a1d7
497454 78feae72012f16882
497455 78e97f6e2059ebfdf
497456 768487f5dccf8a904
497457 606acc3e94d236d5e
497458 54c6f63c53a27887e
497459 61f64e803c607dabe
497460 6b186f574b3f37f50
497461 6509126b354087184
497462 52bfb25b082a6cd1c
497463 57d650aca421f7f79
497464 6148176f2788ef88a
497465 56acd7456d0a98c21
497466 53fe61e6946a04416
497467 54ccacae6545ea960
497468 44aac1d487c6bd454
497469 3b954e2e67347ac79
497470 3b2715726b8a1b2d8
497471 3a2ec95d36db76d5e
497472 2ff150378aa8ce772
497473 2e1f1b42fe3b6b6d1
497474 2c254908b43d0c06e
497475 25225bad253ed6b9d
497476 1de08c3e9d54084be
497477 166d7670f9f2fc0f4
497478 15509e7a36a94e46a
497479 1ac615d45da8ec4eb
497480 18fc664b64281c984
497481 f13510221f4837ed
497482 6922829d69b12e0a
497483 4f74530e2e14e277
497484 6328febd998be3be
497485 60bbaeefa22b16ae
497486 4011bb2f573579f8
497487 126c40eee89d0d59
521556 d38c473f
521557 66f73234
521558 40c030c7
521559 e7833834
521560 4580a35c
521561 3744824d
521562 fad4fb11
521563 8e8d7058
521564 bad05403
521565 4e758454
521566 63ac98df
521567 b30e05a4
521568 82ea95a7
521569 44d0b1a9
521570 a69e9bd0
521571 9927c553
521572 6a611fdc
521573 c8e5b23a
521574 12e6f9c3
521575 76776359
521576 6a1a03f3
521577 d45d0537
521578 5081b084
521579 da2f681
521580 e49ecd76
521581 c887d4e7
521582 e17ba015
521583 5820fcf3
521584 2e25ac2c
521585 92d74e4f
521586 73039528
521587 c42cbb3a
521588 d821ef24
521589 e2bb2458
521590 73a43811
521591 e6850057
521592 2b9647b6
521593 22223cd6
521594 940293ff
521595 bbb8a884
521596 cca6db16
521597 2cf57bf0
521598 f10db738
521599 691ab13f
521600 d48256ec
521601 5a46f5ac
521602 3cd00402
521603 fb946c31
521604 766005a
521605 ee4d09b5
521606 6acd777f
521607 ec31c5b7
521608 5e4438bb
521609 3f42ab1b
521610 8286f5ac
521611 cb578447
521612 6b018feb
521613 672c076e
521614 6fbcadf5
521615 d9fcc6cd
521616 ec17dca0
521617 b98c9c6b
521618 21c8d159
521619 ae363392
521620 21f5f901
521621 1194a46b
521622 37acb251
521623 9429efa2
521624 29d30d6a
521625 4464842c
521626 151a63ff
521627 13622695
521628 bdc34b7
521629 aab478b2
521630 d7a5a1a5
521631 f7044384
521632 c582fd25
521633 ef2ea70f
521634 74eca6b3
521635 9e8b2bd2
521636 b762a489
521637 ea03b90f
521638 3d6be5a8
521639 a5a71d8d
521640 19224a92
521641 bf8928f7
521642 3fc1b37f
521643 b6813680
521644 74f50570
521645 40585aac
521646 628e1638
521647 de33eba2
521648 145b2900
521649 4038ef6e
521650 3a945a9
521651 85b5e35
521652 3217579
521653 a101878f
521654 6b188870
521655 4e6eeefc
521656 ad763af9
521657 c3cc85de
521658 2cd64d9a
521659 2500e42
521660 6bbcde93
521661 7457576a
521662 ceee685d
521663 5f351af
521664 d98ca56e
521665 ed5c335d
521666 a74e815c
521667 1c5e90e4
521668 40474bb7
521669 35879c8d
521670 cb77abd4
521671 afd9f073
521672 a6dc6a62
521673 cc7d2639
521674 6795b559
521675 edcdccc0
521676 8e6c2240
521677 57471539
521678 340cd3e2
521679 ef2c5370
521680 b26e8e3d
521681 9f04d413
521682 ceb426c9
521683 17a1344c
521684 0
534458 70dbf22bf
534459 e3db617de
534460 1f4e20c6ac
534461 2101f474a0
534462 1e276e2517
534463 400835b103
534464 411ea7fc75
534465 419518c8c3
534466 40a87b7c6e
534467 40e3a2fadc
534468 429614209d
534469 41d7222144
534470 44a831dada
534471 43aae73248
534472 41e32c1b26
534473 222416c6c4
534474 22198ecec6
534475 2177d6f730
534476 11c8f1a530
534477 9048084d8
534478 27576deb1
535425 aed08a4fdabc0181
535426 aa2c54706c638d98
535427 946db15b377ebe82
535428 1b2b63a2a01c60e70
535429 13d7a8c25cbf3cf19
535430 1085d754f1ee6061e
535431 2bf8a0df3facf473e
535432 24f0a26a0fa56cf4e
535433 29d242985723aa400
535434 343bf3bb5724fd3a0
535435 2d8505fcba0c3c7ad
535436 3ab64b1c23d34bc9a
535437 3c17d66e2354bf1dd
535438 37c83de4bf9504c74
535439 4e646a1cab8ae82c0
535440 488d1716651d32b2e
535441 433321ae9c70cde1f
535442 5baba769fc75e4e74
535443 4f55546baed476e2c
535444 4ef36361d90e27ccc
535445 5e6402f2ca1af3425
535446 5d34328897556eeb4
535447 61867dce67b4a0460
535448 5fda7c090bf8df66a
535449 6bd4782c1eb47357d
535450 7474c3d5e1f5f34bc
535451 6fa461274cd8a8ca9
535452 86a6bd5200422c196
535453 7b305eacab23aba62
535454 7dbe65162c1d490a6
535455 7e09de0dfc75f894b
535456 8de71268246bcd3e2
535457 abe44af5989a598ec
535458 9f9665be1bb0f4e64
535459 992f1b17d67c2a57e
535460 af67d425f07fa0ba0
535461 ad212e805692e1981
535462 a0f72e9513a4e3126
535463 bede772823fc5cc0f
535464 b766f2465f52edaf4
535465 beaaeded0425aacf9
535466 d060fb71db86edb46
535467 c92da40ebbda4be45
535468 cb20eb7fd9c1bd86a
535469 bf057b6788deab1e0
535470 dfff0d4f7c22ea4ee
535471 e4b48bd8bedee4973
535472 e616f9e5b474ef12c
535473 d7b2fa39f88a8e090
535474 e084ba9eda6a93f14
535475 10f2bb595ec7b2ed53
535476 ea1362bc63445adb2
535477 f80c4a97616320061
535478 f0eb620defb3e9550
535479 f93bb7f681af4c893
535480 1138f385e6e4e6ce22
535481 1047d6c063fb8ffe7e
535482 11a7fbf2f76bfb3e32
535483 10ddb2947c54230fb9
535484 12b84dd50e0ce98416
535485 116bbfd86e99333dba
535486 130124d71eb1c9bd5a
535487 1120efc7ba7fc53304
535488 135fa16e4cccfd2baa
535489 13a1e28a2897f476b0
535490 119096744b2e07722e
535491 144f74798ef0ab58ce
535492 10eeffe616dc642de8
535493 124f270bd26f2aa57b
535494 10982ef0ba06751bc4
535495 107a01ca92aeb2f327
535496 11901a58bf90d3b490
535497 fa8b4cbc8250e0ae6
535498 108f0f364529aab994
535499 f9b010a89fc782e9e
535500 10e48084b7a745433c
535501 f6cdb4f83d83828af
535502 f013f711cc62a2bec
535503 e0a648b46f68bb184
535504 db83d5a3c21e15e9a
535505 f5268e59347affab0
535506 d750289874ae5d1e8
535507 ef1026159a7830e7e
535508 c65c59d635e348aec
535509 ef26668dfdbdbd7e8
535510 d31c363a89244394a
535511 d42baecbf5891da35
535512 cd1e0862f19715f78
535513 b2bf505a316e18132
535514 d172ddf8f041c5856
535515 b220302f82a022b9a
535516 c381359493c4fb6ba
535517 ac325effbf17b48b4
535518 bc75b9462c50ff32c
535519 b80a102c927365937
535520 9b9ce7b31db30c7b0
535521 9aafecbfbf12f0656
535522 7a8643ff24268a9a2
535523 9f523524e35533c99
535524 86c8c4a88e067bd40
535525 837fc35fcbf3b43eb
535526 83d00837ed3f331d6
535527 850f758b9594fa93d
535528 7df3cf2d2069e23ae
535529 6bbdc75048cba053f
535530 717dd5c476c737a66
535531 66d6c3608bb5f0553
535532 62fac5552fe1c116a
535533 5ac8ead059bbc6722
535534 52bbb2e98cde05930
535535 69cf4ba20b84c8e37
535536 48267a05f9325b8c2
535537 51316fd4918d0b6af
535538 3b3150e91d743ff7e
535539 48817a67ae5e7d51c
535540 3d591087efac18b84
535541 345293ccb55859a23
535542 2ff0710bd3b154de2
535543 34e458c0b06c182bf
535544 2e0eacae2cd156b96
535545 2bfa44bd70a54b730
535546 227dacf4fd8646bbe
535547 1ed7d02511973abcd
535548 1724dc499f8fadee6
535549 100ff1a35d41b7cfd
535550 2dfb4ae9da043f84
535551 768db99443fb7f44
559620 b84a3c07
559621 a09a68c3
559622 6211c806
559623 4c53728f
559624 c7e97d8b
559625 a22be641
559626 1acd21e4
559627 b35920d1
559628 6560fd94
559629 6e5b36a0
559630 40c4676b
559631 5c4c83a1
559632 30fc9d26
559633 abff0bc8
559634 d420d487
559635 a2ef1f0d
559636 d3d9e32c
559637 bdea104f
559638 f55e12ab
559639 573f4ee3
559640 f11eb9c1
559641 fbdeebbf
559642 a1ddda5e
559643 d519406f
559644 561d361d
559645 2f34f928
559646 86c0fe34
559647 2277dce5
559648 7a944649
559649 699d394f
559650 4e93ad2e
559651 e630780f
559652 da9a86de
559653 921846d9
559654 15ec4ef3
559655 f501e66
559656 1812310a
559657 1a8daa67
559658 69cb1d31
559659 e507c63b
559660 ca44ff9d
559661 d777ade2
559662 f849360f
559663 45a918c6
559664 e949ec32
559665 3634c000
559666 bd37ebde
559667 369a0fbe
559668 8003a03
559669 99001448
559670 647c88b7
559671 44233bc6
559672 7591a3bb
559673 9ab09b94
559674 f165af3
559675 8ab1a245
559676 8dee481b
559677 f1b6591b
559678 b092db2c
559679 8055adcb
559680 551b540
559681 819a8f77
559682 620c2ea4
559683 c75863cf
559684 5cbea3f2
559685 97b617c6
559686 7a2079a3
559687 19238a19
559688 fd8be925
559689 3dd80014
559690 d1294083
559691 ce4ae901
559692 b609b1b3
559693 e6d54c8d
559694 6f5ee1dc
559695 6150d890
559696 dd2edf24
559697 b74e8de7
559698 578cb5c2
559699 3a375ade
559700 262a71d7
559701 ea0b5c1c
559702 2a0f36d9
559703 12204c80
559704 6cb5a5ae
559705 43766737
559706 3c13c3c3
559707 e568b5f5
559708 51b5b40b
559709 794b879
559710 ca12a320
559711 4865b07e
559712 a871e6c1
559713 50aaf133
559714 1d9b41f9
559715 36cfa23a
559716 6da0f3be
559717 28630a46
559718 5d31b0f5
559719 2a88ea84
559720 90ec29d7
559721 990e4036
559722 e17bf4b8
559723 dce31865
559724 85d19691
559725 cea71a14
559726 167cfecd
559727 f30b8001
559728 7781ec87
559729 5eaed34b
559730 2173ace9
559731 dfcba6b8
559732 d7369fa7
559733 aefb43e8
559734 a9f355f4
559735 f82a2463
559736 fae04aec
559737 e5d46f8d
559738 2f1bb10b
559739 905481fe
559740 9fad8d5a
559741 17041aaa
559742 51a7222e
559743 d1e6c272
559744 eb81bfa3
559745 14957b49
559746 913544f5
559747 980f70ef
559748 0
572522 7d4fb25b0
572523 f0233c4d0
572524 1f46ca1f36
572525 1fe4e85efd
572526 1f838c0dbb
572527 3d7b77b6b9
572528 3d1c20015d
572529 3e189cb38a
572530 3f21bd26d7
572531 3e655cadd1
572532 3eab4b08b2
572533 3f5f948b7a
572534 3ea10d9191
572535 4191373cf1
572536 3e4635eb51
572537 1fc4343f21
572538 20f861f9b2
572539 1f934123b6
572540 1102023ca3
572541 7236e923b
572542 2c65c4d12
573489 84aacbd0d21f4831
573490 e73b1b2e0a4922aa
573491 f1f3cfe3ebaec4dd
573492 e8f0c06715c2e4f6
573493 1a52995a633501b98
573494 21eccabf3b8c21004
573495 1a1fd1dfda6a30fe3
573496 2174dfc500ab30d1c
573497 2845762b59d550d45
573498 2b4c326f0e8351752
573499 230ec9d7e957b4a21
573500 2a1388912e2eb7566
573501 2b22257725a6bff08
573502 2f4c9a5610719db1a
573503 3e9a309d5edb9556b
573504 41d19f8f353b24208
573505 498520cca57f7dc68
573506 526bd9d97c6ee5fc2
573507 666b3163db6f9b6be
573508 5b6239bf2951baca8
573509 6b356d1a1800bd3f9
573510 7cfd9b7f5609d7534
573511 808b08a806c5e234b
573512 810b047196c407c84
573513 7e32ad059c7fab81a
573514 85308aa4d5b58adf4
573515 7b27136d59e998494
573516 83f9bf6bb4bf0760a
573517 8617e9b5193170aef
573518 84ab27543cd534294
573519 8e929d1a04180855f
573520 9c046727ef13a287a
573521 a2ce18636fce80bee
573522 abff2662677481b90
573523 a5cd105f0cae27927
573524 a92168d9358deb7aa
573525 b282c2d67c0dfe113
573526 a8775b1285cc9b49a
573527 a8f8b7301e894ac23
573528 b53cd9594bd5d93bc
573529 b9db19e1e904e6597
573530 bcac16b4a7ee53232
573531 c43c8405e5ed092ab
573532 c45fb7f9d7dacb11e
573533 d722bd1499eed5136
573534 ce41b6a69c663b038
573535 ea8e3442f189c4165
573536 d60646c0eebc32b7c
573537 cb0e95eeea86d0e23
573538 de980bf0f658f2694
573539 c600d161086dc4f56
573540 cfbab45d345b48236
573541 cb29308fc1c9abb0c
573542 e9a9eab4a381777ba
573543 e34aec43107f502cd
573544 e1d2502c16d1bd21e
573545 e682394bdf30bea43
573546 100d7f0e4b86f9e22e
573547 fb9926b7eb321280d
573548 10a2e958664c0dd23e
573549 1173125bba36452686
573550 109e80dabef62faa9a
573551 12ad66fe3dcdac767f
573552 11970757d1bd11e13e
573553 111ada4a37b9ae7dd6
573554 f65a581bf86e2ff62
573555 eafda80cffa72af3b
573556 eade87554b8ad48dc
573557 d464ee341f7f71f17
573558 d2ab94103890e7c16
573559 fe10669259b4f018e
573560 f0e46a4a47256b346
573561 ffca3082f813540b8
573562 f5c77b0e958473f34
573563 dd03a8c66e78d07fd
573564 dfe34ef4ec8d24f06
573565 cebbc65c313d28d27
573566 d607348aa78fe7336
573567 d1c4f650df19126c5
573568 d1f84ef68e4ce7456
573569 c15e60586956ebd77
573570 c7be0aaff0b10f304
573571 b039e4d9ab02ae65e
573572 b77010d9f9e6de9c6
573573 b3eb7861c0420fbfd
573574 a25abaf1a5b7997bc
573575 9862be37985a439fc
573576 8265a25f5cff2a670
573577 95a3bd55b1ecf3e26
573578 8a5fadd1f762409ae
573579 882d9bbb23720f3ec
573580 7ad0e912710286208
573581 6ed6a58688391a52e
573582 6f1e93a9e60d302d8
573583 7a7bc1bf9324d5e46
573584 7caa030147bd970f8
573585 76647fdee9f9a3e73
573586 7545b56f01b3a85c4
573587 6c57dcb65720e4cd4
573588 75af6249cfe897d9a
573589 632b88305109e504f
573590 716c8b72d3807ae4e
573591 7076344f83784c012
573592 6879d09731b8c03c6
573593 5434c4ce739f34491
573594 56b4b337522aed666
573595 3e538f1ea0f40cab8
573596 4ccb7aebe9e151de6
573597 3ec890040932d2753
573598 3bb99fb5e9ae18130
573599 360bd9333e999deeb
573600 2ebc8503b7439b57e
573601 389a1cb078d9fae23
573602 328a1822b55531048
573603 3947f9601d0433c73
573604 31e5f1a6ebab2588e
573605 2faeebe69b2d038b8
573606 1cc865df7eb1cb9c4
573607 28121c3e8837eae41
573608 24e4f90311d3e3aaa
573609 281bf4183d24b88c4
573610 17aaed42df3fa1ac0
573611 10d8e056fe9ef739b
573612 6b8f5faa111131f8
573613 ef651ea6be996582
573614 98b2a55704864538
573615 9b3a89b09739c161
597684 f0be7c0b
597685 8f7133b7
597686 6b24b222
597687 4551f565
597688 8ea146a9
597689 e2cfba7e
597690 d77c4827
597691 1de89aed
597692 16191f9f
597693 ae3f6086
597694 a657edff
597695 87bfb68c
597696 40862805
597697 39113488
597698 c19b44d2
597699 3a60d6dc
597700 9643c7
597701 f418d874
597702 18d3e2a5
597703 a44960cf
597704 e56df309
597705 62f80780
597706 3abc1a83
597707 1473a44d
597708 a07e92a6
597709 a18e017d
597710 6f8610ad
597711 9f88bd1f
597712 d592506e
597713 d3a5465e
597714 90d1e3e1
597715 e08886f
597716 71e89000
597717 29a845d6
597718 fef0b918
597719 94487a58
597720 674c17ab
597721 af7ca466
597722 92846a25
597723 85fac961
597724 10282e18
597725 98bc8704
597726 8a57a401
597727 24f57fc
597728 a8f0bbbd
597729 c700e235
597730 a727b332
597731 6feea0b1
597732 35fdc1fa
597733 99f28646
597734 7f1633bd
597735 5f819778
597736 3c286a5a
597737 5cb7fd27
597738 373b92a8
597739 ddea44ad
597740 3e74c3b7
597741 eb618801
597742 2b7fe1da
597743 251ca574
597744 59b4f0bb
597745 89694a92
597746 7e0c7184
597747 a536dd04
597748 f4714d2e
597749 35b196d4
597750 8c6bf662
597751 5d1aca45
597752 cf3067ff
597753 3a77841b
597754 9a0ca5aa
597755 b1093f5e
597756 eac04156
597757 b37e07b3
597758 4bad08c2
597759 df34b701
597760 10be723
597761 127a088d
597762 cf1dc5a
597763 b0e663a4
597764 c5e339a
597765 45db7942
597766 89c6f9c9
597767 c4982db2
597768 49891990
597769 a9f629ac
597770 a53169d6
597771 6c6274c9
597772 6231f478
597773 50ec7af
597774 d454df9f
597775 3ecbe453
597776 dc7ec7a2
597777 cda7f441
597778 f0af17e3
597779 96e813eb
597780 8022d8a5
597781 4e0e9a53
597782 126bdeaf
597783 39afb7e7
597784 889f5134
597785 1cb7793b
597786 f533b055
597787 b5cbdae6
597788 c0c386b6
597789 b08c5d6b
597790 4596e00c
597791 344e0b50
597792 1f41dd9c
597793 53d94d99
597794 69d74e63
597795 6f5a43c0
597796 6b7ce0c1
597797 e059cad0
597798 82744c0b
597799 4ef697f
597800 ad53f158
597801 ba350f80
597802 546fc250
597803 7fb6442b
597804 d1a7c9d6
597805 f7dcdd72
597806 4e156990
597807 c0c531ad
597808 c576098e
597809 751684b6
597810 f61e7c1b
597811 c719ce5b
597812 0
610586 715fd8260
610587 10656676f9
610588 1ec2527885
610589 1db53f1df4
610590 1f5b2a6ecc
610591 3dbe882063
610592 4086420c86
610593 3e8e4e5064
610594 405c8ce04d
610595 3ec3a1c812
610596 40c5dde6a0
610597 421d7f70fc
610598 41b74fde44
610599 4239b09dd1
610600 42a2e81927
610601 217da071a3
610602 2154a89247
610603 21266bff91
610604 111b3e7759
610605 91bfd67ad
610606 2d2e2a4c7
611553 3d205d7ecb
611554 246bbe2177
611555 1b34513aa2
611556 1199cf4ea5
611557 2436f2f0e9
611558 3996be59fe
611559 36b68e51e7
611560 7980f562d
611561 59c61075f
611562 2c3e178206
611563 2a3c536dbf
611564 2277ad598c
611565 1062102945
611566 e7d5e5688
611567 31286c7952
611568 ed2968ddc
611569 26273587
611570 3dfa4ef574
611571 64dcc8be5
611572 29b6a1948f
611573 3a40eab549
611574 1920f9e780
611575 ee9c2bb43
611576 5315cb78d
611577 28c0233c26
611578 29050e60bd
611579 1c510a3bed
611580 2881b804df
611581 363a266bee
611582 35bcf6ddde
611583 24c54adc21
611584 3902aa42f
611585 1cec0c9000
611586 a93b9bb56
611587 40bb1eff18
611588 25a6671058
611589 1a3a52026b
611590 2c8ea5bde6
611591 25339ef365
611592 2204ad21a1
611593 41a33b418
611594 26c7de4804
611595 232040a441
611596 962556fc
611597 2ae51faafd
611598 3287396f75
611599 2a71147fb2
611600 1c6b96ccf1
611601 db56e407a
611602 27169417c6
611603 2044a322fd
611604 183fe77578
611605 f464300da
611606 178ab746e7
611607 e06203ca8
611608 38587b6fed
611609 fdba5b177
611610 3bc3c38841
611611 b0b78585a
611612 96c460274
611613 16c6f11f7b
611614 22e3bbef12
611615 200128d284
611616 29f2ee1e04
611617 0
611618 0
611619 0
611620 0
611621 0
611622 0
611623 0
611624 0
611625 0
611626 0
611627 0
611628 0
611629 0
611630 0
611631 0
611632 0
611633 0
611634 0
611635 0
611636 0
611637 0
611638 0
611639 0
611640 0
611641 0
611642 0
611643 0
611644 0
611645 0
611646 0
611647 0
611648 0
611649 0
611650 0
611651 0
611652 0
611653 0
611654 0
611655 0
611656 0
611657 0
611658 0
611659 0
611660 0
611661 0
611662 0
611663 0
611664 0
611665 0
611666 0
611667 0
611668 0
611669 0
611670 0
611671 0
611672 0
611673 0
611674 0
611675 0
611676 0
611677 0
611678 0
611679 0
635748 ec681c62
635749 7e2e10aa
635750 3e074a2c
635751 e8759233
635752 a9834d1c
635753 509abc80
635754 eb310d0a
635755 40448405
635756 6d406637
635757 9da4ec18
635758 238c721b
635759 f881a995
635760 e9c014f8
635761 ad1bb7b4
635762 6be8a736
635763 cedd96be
635764 55e25a14
635765 fe150693
635766 3ccfa61d
635767 b5b320e3
635768 9a404355
635769 14fdd4bb
635770 8088d1b9
635771 3f5b7d8b
635772 e731648b
635773 3f21a8ed
635774 51598789
635775 689bf010
635776 b0c86fa6
635777 2a49acbc
635778 34d98a2a
635779 3cf550ad
635780 9980867e
635781 328de411
635782 fa91e844
635783 19fbe345
635784 dd1827f1
635785 b0df5ea5
635786 b41a4817
635787 8eb8cecc
635788 9973be1b
635789 e0d67c81
635790 31aefd01
635791 e77c50c1
635792 3d753140
635793 4dcf8cab
635794 b8f6980f
635795 a618f3bb
635796 e469f485
635797 e91d730e
635798 f6d922a8
635799 a0540bd3
635800 5d3f54b9
635801 4dddac9c
635802 aec623e0
635803 db9dfb8e
635804 d1eee7bd
635805 e4127ec7
635806 ba756d8d
635807 7f3d97a0
635808 628f05fb
635809 b1e549ad
635810 4ca54a5f
635811 a0a870b0
635812 35
635813 0
635814 0
635815 0
635816 0
635817 0
635818 0
635819 0
635820 0
635821 0
635822 0
635823 0
635824 0
635825 0
635826 0
635827 0
635828 0
635829 0
635830 0
635831 0
635832 0
635833 0
635834 0
635835 0
635836 0
635837 0
635838 0
635839 0
635840 0
635841 0
635842 0
635843 0
635844 0
635845 0
635846 0
635847 0
635848 0
635849 0
635850 0
635851 0
635852 0
635853 0
635854 0
635855 0
635856 0
635857 0
635858 0
635859 0
635860 0
635861 0
635862 0
635863 0
635864 0
635865 0
635866 0
635867 0
635868 0
635869 0
635870 0
635871 0
635872 0
635873 0
635874 0
635875 0
635876 0
648650 7fffffff1
648651 100000000e
648652 1fffffffdf
648653 200000002e
648654 1fffffffcb
648655 3ffffffff8
648656 4000000006
648657 4000000006
648658 4000000012
648659 400000000f
648660 4000000000
648661 4000000000
648662 4000000000
648663 4000000000
648664 4000000000
648665 2000000000
648666 2000000000
648667 2000000000
648668 1000000000
648669 800000000
648670 200000000
649617 0
649618 0
649619 0
649620 0
649621 0
649622 0
649623 0
649624 0
649625 0
649626 0
649627 0
649628 0
649629 0
649630 0
649631 0
649632 0
649633 0
649634 0
649635 0
649636 0
649637 0
649638 0
649639 0
649640 0
649641 0
649642 0
649643 0
649644 0
649645 0
649646 0
649647 0
649648 0
649649 0
649650 0
649651 0
649652 0
649653 0
649654 0
649655 0
649656 0
649657 0
649658 0
649659 0
649660 0
649661 0
649662 0
649663 0
649664 0
649665 0
649666 0
649667 0
649668 0
649669 0
649670 0
649671 0
649672 0
649673 0
649674 0
649675 0
649676 0
649677 0
649678 0
649679 0
649680 1
651243 63
651784 63
652324 83
652864 63
653538 fb
654078 ec
654618 93
655158 aa
655832 ce
656372 dc
656912 e9
657452 99
658126 86
658666 1e
659206 61
659746 74
660420 72
660960 ef
661500 96
662040 19
662714 64
663254 59
663794 e2
664334 63
665008 d5
665548 a3
666088 c4
666628 7a
667302 d2
667842 d8
668382 3a
668922 cf
669596 b4
670136 39
670676 2d
671216 86
671896 d5
672436 7
672976 7a
673516 79
674336 7c
674876 7c
675416 7c
675956 7c
676496 7c
677036 7c
677576 63
678116 63
678656 7c
679196 7c
679736 7c
680276 63
680816 63
681356 7c
681896 7c
682436 9
683952 7f
684492 75
685032 75
685572 72
686112 2
686652 c0
687192 fd
687732 c0
688272 d0
688812 16
689352 e1
689892 16
690432 e6
690972 fd
691512 63
692052 58
693568 17
694108 16
694648 c5
695188 9f
695728 2b
696268 49
696808 68
697348 2e
697888 b
698428 6f
698968 77
699508 2
700048 35
700588 1
701128 5c
701668 79
703184 ac
703724 2b
704264 57
704804 32
705344 5
705884 d6
706424 d5
706964 41
707504 25
708044 84
708584 5f
709124 85
709664 6
710204 ba
710744 9
711284 b
712800 d3
713340 b4
713880 4e
714420 45
714960 65
715500 2d
716040 25
716580 6c
717120 83
717660 f0
718200 7c
718740 58
719280 20
719820 16
720360 c0
720900 8c
722416 17
722956 e4
723496 c3
724036 59
724576 26
725116 33
725656 64
726196 e8
726736 17
727276 7a
727816 a3
728356 2a
728896 7c
729436 d4
729976 c0
730516 2d
732032 fe
732572 a2
733112 ba
733652 9e
734192 cb
734732 97
735272 86
735812 28
736352 98
736892 9
737432 6f
737972 32
738512 95
739052 eb
739592 32
740132 49
741648 76
742188 5
742728 44
743268 6b
743808 7f
744348 97
744888 bc
745428 6e
745968 1b
746508 86
747048 2e
747588 eb
748128 5b
748668 f8
749208 13
749748 7a
751264 36
751804 f2
752344 be
752884 72
753424 1f
753964 45
754504 bf
755044 3e
755584 fd
756124 6d
756664 b6
757204 3c
757744 eb
758284 de
758824 67
759364 46
760880 25
761420 77
761960 9d
762500 d0
763040 13
763580 89
764120 8f
764660 a5
765200 a1
765740 6f
766280 21
766820 f7
767360 52
767900 4a
768440 2d
768980 88
769696 0
769697 0
769698 0
769699 0
769700 0
769701 0
769702 0
769703 0
769704 0
769705 0
769706 0
769707 0
769708 0
769709 0
769710 0
769711 0
769712 0
769713 0
769714 0
769715 0
769716 0
769717 0
769718 0
769719 0
769720 0
769721 0
769722 0
769723 0
769724 0
769725 0
769726 0
769727 0
769728 0
769729 0
769730 0
769731 0
769732 0
769733 0
769734 0
769735 0
769736 0
769737 0
769738 0
769739 0
769740 0
769741 0
769742 0
769743 0
769744 0
769745 0
769746 0
769747 0
769748 0
769749 0
769750 0
769751 0
769752 0
769753 0
769754 0
769755 0
769756 0
769757 0
769758 0
769759 1
